21.98971518345	402.4539387757	-3.533378851862
21.79899474512	402.4539387757	-3.479478642779
21.45597794295	402.4539387757	-3.385694035756
21.0534502153	402.4539387757	-3.279655887617
20.61479320714	402.4539387757	-3.167798405436
20.15632301354	402.4539387757	-3.055304090472
19.68690588403	402.4539387757	-2.944226179455
19.2122842935	402.4539387757	-2.835755988882
18.73441814975	402.4539387757	-2.73026683452
18.25416388306	402.4539387757	-2.627753226433
17.77202656772	402.4539387757	-2.528176735057
17.28817090185	402.4539387757	-2.431400111945
16.80275609365	402.4539387757	-2.337302578469
16.3158644922	402.4539387757	-2.245735906307
15.82750707735	402.4539387757	-2.156551867139
15.33784854726	402.4539387757	-2.069596742709
14.84702066041	402.4539387757	-1.984788183949
14.35490812813	402.4539387757	-1.901966982664
13.86153291016	402.4539387757	-1.820962950782
13.36701578513	402.4539387757	-1.741633349922
12.87140067255	402.4539387757	-1.663868381329
12.37472051204	402.4539387757	-1.587514326743
11.87706863254	402.4539387757	-1.512472367286
11.37845601393	402.4539387757	-1.438627214264
10.87894304553	402.4539387757	-1.36587455886
10.37856815689	402.4539387757	-1.294236360824
9.877336837966	402.4539387757	-1.223871828352
9.375309478061	402.4539387757	-1.154479014866
8.87252999668	402.4539387757	-1.08582734298
8.369036823389	402.4539387757	-1.017812503876
7.864884857565	402.4539387757	-0.9503356786743
7.360183897963	402.4539387757	-0.8833474579344
6.855043743339	402.4539387757	-0.8167984322165
6.349656541515	402.4539387757	-0.750655661894
5.844406588136	402.4539387757	-0.6849575765314
5.339782487663	402.4539387757	-0.6198578943864
4.836053247047	402.4539387757	-0.5555817029077
4.333224356227	402.4539387757	-0.4923485996064
3.831301305139	402.4539387757	-0.4303562222424
3.330212724594	402.4539387757	-0.3698131884513
2.829925674964	402.4539387757	-0.3109006661795
2.330385256871	402.4539387757	-0.2537723736849
1.831459711809	402.4539387757	-0.1986039889762
1.333088650463	402.4539387757	-0.1455272705601
0.8352116835164	402.4539387757	-0.09466299706756
0.3377025424008	402.4539387757	-0.046126457192
-0.1595266118883	402.4539387757	0
-0.6565251887907	402.4539387757	0.04362304556625
-1.153413966938	402.4539387757	0.08469327006677
-1.650258825582	402.4539387757	0.1231557741238
-2.147136623854	402.4539387757	0.1589776181107
-2.644107751067	402.4539387757	0.1921423322141
-3.141221616663	402.4539387757	0.2226444264963
-3.638544099894	402.4539387757	0.2504784110194
-4.136097160512	402.4539387757	0.2756662455346
-4.633930207957	402.4539387757	0.2982189099175
-5.132043242228	402.4539387757	0.3181748337324
-5.630436263325	402.4539387757	0.3355504867927
-6.129153190751	402.4539387757	0.3503842986628
-6.62811167544	402.4539387757	0.362720188845
-7.127317207328	402.4539387757	0.3725801170903
-7.626665477599	402.4539387757	0.3800025129631
-8.125997278056	402.4539387757	0.3849873764635
-8.625296138886	402.4539387757	0.3875182377781
-9.124556570153	402.4539387757	0.3875731371559
-9.623943269987	402.4539387757	0.3851301148457
-10.12380759441	402.4539387757	0.3802440702252
-10.62431973149	402.4539387757	0.3730467618012
-11.12536439253	402.4539387757	0.3636644581424
-11.62679883916	402.4539387757	0.3521904881911
-12.12850229273	402.4539387757	0.3386962211382
-12.63031005513	402.4539387757	0.3232310664239
-13.13210134771	402.4539387757	0.3058060039236
-13.63376088178	402.4539387757	0.2864265235751
-14.13514042903	402.4539387757	0.2650706656274
-14.63618509007	402.4539387757	0.241700000516
-15.13681251584	402.4539387757	0.2162760986764
-15.63692388747	402.4539387757	0.1887330808553
-16.13648626531	402.4539387757	0.158994087924
-16.6354886695	402.4539387757	0.1269987305668
-17.13384875097	402.4539387757	0.09267014965496
-17.63158846947	402.4539387757	0.05592050618397
-18.12870233507	402.4539387757	0.01667843096278
-18.62517387795	402.4539387757	-0.02512744519969
-19.12102505785	402.4539387757	-0.06956849149453
-19.6162723446	402.4539387757	-0.1167050972373
-20.11089377845	402.4539387757	-0.1665921618057
-20.60491131914	402.4539387757	-0.2192845845775
-21.09832496668	402.4539387757	-0.2748153051794
-21.59110178143	402.4539387757	-0.333217263238
-22.08322529359	402.4539387757	-0.3944849688156
-22.57461315408	402.4539387757	-0.4550609422334
-23.0652049736	402.4539387757	-0.525925059043
-23.55489644332	402.4539387757	-0.5958394166174
-24.04353933493	402.4539387757	-0.6690642066706
-24.5309854201	402.4539387757	-0.7455006103226
-25.01705353089	402.4539387757	-0.8252309766401
-25.50147466035	402.4539387757	-0.9083651043785
-25.98388098265	402.4539387757	-0.9950182822312
-26.46386075244	402.4539387757	-1.085366188207
-26.94097477472	402.4539387757	-1.179611950004
-27.41465209595	402.4539387757	-1.27798065507
-27.88393746696	402.4539387757	-1.380702880792
-28.34821052479	402.4539387757	-1.488239781944
-28.80674659763	402.4539387757	-1.600904284978
-29.25781086516	402.4539387757	-1.718872067904
-29.69922382209	402.4539387757	-1.842329788605
-30.12781228436	402.4539387757	-1.971200587954
-30.53889882501	402.4539387757	-2.104902532545
-30.9258076797	402.4539387757	-2.241947849241
-31.28011728387	402.4539387757	-2.379586079218
-31.59347744217	402.4539387757	-2.513968776093
-31.86067271372	402.4539387757	-2.641093775229
-32.08197210546	402.4539387757	-2.758408255559
-32.26228911171	402.4539387757	-2.8652314648
-32.40853007418	402.4539387757	-2.961953188533
-32.52750800565	402.4539387757	-3.05071999243
-32.62473480366	402.4539387757	-3.132767112489
-32.70433890141	402.4539387757	-3.209461543216
-32.76935074455	402.4539387757	-3.281917741981
-32.82192238869	402.4539387757	-3.350970179324
-32.86359650635	402.4539387757	-3.417338037095
-32.89543814545	402.4539387757	-3.480895046726
-32.91817746772	402.4539387757	-3.542898403965
-32.93255012481	402.4539387757	-3.602052483499
-32.93917647971	402.4539387757	-3.657967499745
-32.93707932348	402.4539387757	-3.711637131441
-32.92277254563	402.4539387757	-3.768485437109
-32.89543814545	402.4539387757	-3.824631030742
-32.85658036587	402.4539387757	-3.878509280073
-32.80657801261	402.4539387757	-3.931053474525
-32.74540363598	402.4539387757	-3.982669869493
-32.67245334281	402.4539387757	-4.034324694025
-32.58582212471	402.4539387757	-4.086824968975
-32.48250149577	402.4539387757	-4.141103983764
-32.3582642039	402.4539387757	-4.198572652401
-32.2073677742	402.4539387757	-4.260493660573
-32.02152789055	402.4539387757	-4.328025385153
-31.79100540335	402.4539387757	-4.402403062139
-31.50815282926	402.4539387757	-4.483500422963
-31.17070831394	402.4539387757	-4.569544217722
-30.78508959463	402.4539387757	-4.657608309584
-30.36354472252	402.4539387757	-4.744283447187
-29.91800882233	402.4539387757	-4.827439534677
-29.45718893537	402.4539387757	-4.906121322879
-28.98648167047	402.4539387757	-4.980158623723
-28.50907119155	402.4539387757	-5.049743585031
-28.02690093658	402.4539387757	-5.115161683567
-27.54131045038	402.4539387757	-5.176703886034
-27.05301342485	402.4539387757	-5.234595279879
-26.56210318894	402.4539387757	-5.289192711059
-26.06912873643	402.4539387757	-5.340803616089
-25.57450730258	402.4539387757	-5.389614652853
-25.07840907548	402.4539387757	-5.435834438988
-24.58105365262	402.4539387757	-5.4796386525
-24.08266612146	402.4539387757	-5.521191991525
-23.58358685814	402.4539387757	-5.560626214569
-23.08409584949	402.4539387757	-5.59794132163
-22.5842809345	402.4539387757	-5.636014040105
-22.08415858301	402.4539387757	-5.666702792272
-21.58381114406	402.4539387757	-5.697935048278
-21.08323861767	402.4539387757	-5.727114067556
-20.58249041326	402.4539387757	-5.754250829982
-20.08161045035	402.4539387757	-5.77933435568
-19.58058225912	402.4539387757	-5.802392094338
-19.07947720877	402.4539387757	-5.823418556019
-18.57830627915	402.4539387757	-5.842424720599
-18.07711338979	402.4539387757	-5.859394118264
-17.57589854068	402.4539387757	-5.874337728889
-17.07469467144	402.4539387757	-5.8872445726
-16.57356217139	402.4539387757	-5.89810366952
-16.07245163109	402.4539387757	-5.906904039775
-15.57143990968	402.4539387757	-5.913640193426
-15.07053798702	402.4539387757	-5.918284680784
-14.56971292348	402.4539387757	-5.92083750185
-14.06904706815	402.4539387757	-5.921276696872
-13.56852944113	402.4539387757	-5.919580306099
-13.06814906256	402.4539387757	-5.915726369781
-12.56796083181	402.4539387757	-5.909698418103
-12.06798121869	402.4539387757	-5.901469001377
-11.56820473328	402.4539387757	-5.891010669914
-11.068680785	402.4539387757	-5.878301463963
-10.56945329336	402.4539387757	-5.863297464022
-10.07053872817	402.4539387757	-5.845965730464
-9.572013948566	402.4539387757	-5.826267833725
-9.074010713051	402.4539387757	-5.804148874426
-8.576660780131	402.4539387757	-5.779542973315
-8.08005198881	402.4539387757	-5.752356801449
-7.584272178094	402.4539387757	-5.722480560074
-7.089195079413	402.4539387757	-5.689777000743
-6.594365027932	402.4539387757	-5.654136324703
-6.099320868878	402.4539387757	-5.615596961517
-5.603985743122	402.4539387757	-5.57424675019
-5.108304751285	402.4539387757	-5.530184509602
-4.61225044368	402.4539387757	-5.483509058632
-4.115828310244	402.4539387757	-5.434313726224
-3.619027371102	402.4539387757	-5.382708311131
-3.121842136315	402.4539387757	-5.328797122173
-2.624278095821	402.4539387757	-5.272684468167
-2.126335249621	402.4539387757	-5.214469167993
-1.627997127902	402.4539387757	-5.154272000282
-1.129258240724	402.4539387757	-5.092186293976
-0.6300746685871	402.4539387757	-5.028327337768
-0.1304519014278	402.4539387757	-4.96281591029
0.369648490318	402.4539387757	-4.895761810296
0.8702429764636	402.4539387757	-4.827285816419
1.371397436262	402.4539387757	-4.757508707289
1.873183238905	402.4539387757	-4.686562241413
2.37555646489	402.4539387757	-4.614589157173
2.878786121168	402.4539387757	-4.541677293573
3.382789858673	402.4539387757	-4.468112127377
3.887446898772	402.4539387757	-4.393992477467
4.392735281716	402.4539387757	-4.31954343129
4.897902886029	402.4539387757	-4.245121834801
5.402197590235	402.4539387757	-4.171079044019
5.905224118816	402.4539387757	-4.097727985397
6.40673542457	402.4539387757	-4.025392565264
6.906495440174	402.4539387757	-3.954424139637
7.40427358824	402.4539387757	-3.88520700416
7.899811841694	402.4539387757	-3.81816937398
8.392813743896	402.4539387757	-3.753827303248
8.883235375343	402.4539387757	-3.692696846115
9.371235944231	402.4539387757	-3.635239157353
9.856974658755	402.4539387757	-3.581876962173
10.34075895543	402.4539387757	-3.532972596466
10.82287980096	402.4539387757	-3.488729187932
11.3036940413	402.4539387757	-3.449355354204
11.78358048216	402.4539387757	-3.415317739994
12.26286851979	402.4539387757	-3.386792023311
12.74190402029	402.4539387757	-3.363849573346
13.22099442017	402.4539387757	-3.346501369975
13.70038676663	402.4539387757	-3.33471447357
14.18030614711	402.4539387757	-3.328406535066
14.66091725975	402.4539387757	-3.327473245644
15.14230794356	402.4539387757	-3.33177735686
15.62465387654	402.4539387757	-3.341192600146
16.10814171657	402.4539387757	-3.355510357865
16.59280440329	402.4539387757	-3.374511032507
17.07858154738	402.4539387757	-3.397969536623
17.5654237394	402.4539387757	-3.425666272701
18.05323216047	402.4539387757	-3.45738713317
18.54191897158	402.4539387757	-3.492912520517
19.03108340727	402.4539387757	-3.531973427791
19.51986903726	402.4539387757	-3.574311827918
20.00680455822	402.4539387757	-3.619477545999
20.48523067563	402.4539387757	-3.666592191991
20.94618781103	402.4539387757	-3.714876194729
21.37140545152	402.4539387757	-3.760645805965
21.7315728193	402.4539387757	-3.800436874964
21.92978702269	402.4539387757	-3.823060908538
