20.45780949575	432.6694689705	-3.244507848913
20.28037910368	432.6694689705	-3.195611197302
19.96126384542	432.6694689705	-3.110534904996
19.58678617819	432.6694689705	-3.01436059473
19.17869780861	432.6694689705	-2.912910512466
18.75218254129	432.6694689705	-2.810873098372
18.31547834354	432.6694689705	-2.710112492602
17.87392738138	432.6694689705	-2.611701214151
17.42936315158	432.6694689705	-2.515966125949
16.98257727529	432.6694689705	-2.422907227996
16.53403961798	432.6694689705	-2.332478555192
16.08390339665	432.6694689705	-2.244552426705
15.63231161382	432.6694689705	-2.159006268935
15.17935109248	432.6694689705	-2.075717508284
14.72503204707	432.6694689705	-1.994527820519
14.26949237291	432.6694689705	-1.915299310342
13.81286996528	432.6694689705	-1.837950262018
13.35505246507	432.6694689705	-1.762332565783
12.89606030119	432.6694689705	-1.688287897405
12.43600583279	432.6694689705	-1.615683468817
11.97492991773	432.6694689705	-1.54441202812
11.51286319941	432.6694689705	-1.474340787248
11.0498925008	432.6694689705	-1.405367601536
10.58602803635	432.6694689705	-1.337390326318
10.12132598565	432.6694689705	-1.27032724586
9.655822099319	432.6694689705	-1.204193681862
9.189516377359	432.6694689705	-1.139147958558
8.722475213804	432.6694689705	-1.074919392581
8.254739466521	432.6694689705	-1.011308801834
7.786329564442	432.6694689705	-0.9482140416497
7.317317008833	432.6694689705	-0.8855687179959
6.847788622662	432.6694689705	-0.8233268657729
6.377851657826	432.6694689705	-0.7614527343474
5.907679760258	432.6694689705	-0.6999310020196
5.43764575799	432.6694689705	-0.6387974194226
4.968188873085	432.6694689705	-0.5782052035553
4.499564467207	432.6694689705	-0.5183586437498
4.03177764759	432.6694689705	-0.4594569221047
3.564833521468	432.6694689705	-0.4016941134855
3.098665694808	432.6694689705	-0.3452642927575
2.633243524209	432.6694689705	-0.2903359986195
2.168515937339	432.6694689705	-0.2370471263708
1.704360360599	432.6694689705	-0.1855713219434
1.240725721655	432.6694689705	-0.1360107300035
0.7775405192414	432.6694689705	-0.08850324584995
0.3147026086923	432.6694689705	-0.043135692449
-0.1478697257253	432.6694689705	0
-0.6102326635775	432.6694689705	0.04083233023085
-1.072493456764	432.6694689705	0.07929490421065
-1.534713392084	432.6694689705	0.1153519713063
-1.99695886357	432.6694689705	0.1489626736514
-2.459296265256	432.6694689705	0.1801167967794
-2.921766455007	432.6694689705	0.2088041262236
-3.384430719624	432.6694689705	0.2350144475175
-3.84730948804	432.6694689705	0.2587732968276
-4.31044361812	432.6694689705	0.2800857813871
-4.773843324332	432.6694689705	0.2989825445959
-5.237498392209	432.6694689705	0.3154789081538
-5.701465001318	432.6694689705	0.329610622694
-6.165651221458	432.6694689705	0.3414083316162
-6.630062159863	432.6694689705	0.350897571087
-7.094610993568	432.6694689705	0.3581191989727
-7.559144505573	432.6694689705	0.3630578935735
-8.023647374177	432.6694689705	0.3657136548893
-8.488109384916	432.6694689705	0.3660609467537
-8.952693969253	432.6694689705	0.3640895547
-9.417717775655	432.6694689705	0.3598403365947
-9.883349342819	432.6694689705	0.3534409732702
-10.34947631161	432.6694689705	0.3450089310925
-10.81596078674	432.6694689705	0.3346310330276
-11.28270062353	432.6694689705	0.322368565875
-11.74953749775	432.6694689705	0.3082674947347
-12.21635394304	432.6694689705	0.2923329268397
-12.68305292196	432.6694689705	0.2745852911234
-13.14948632476	432.6694689705	0.2549939441858
-13.61561329355	432.6694689705	0.2335282426273
-14.08135211261	432.6694689705	0.2101524358147
-14.54660574451	432.6694689705	0.1848052369485
-15.01135376032	432.6694689705	0.1574202519957
-15.47558083832	432.6694689705	0.1279361941567
-15.9392052628	432.6694689705	0.09628666939864
-16.40225767715	432.6694689705	0.06239506922204
-16.8647278669	432.6694689705	0.026194999594
-17.32659540312	432.6694689705	-0.0123850407517
-17.78789092921	432.6694689705	-0.05340123138133
-18.24861955241	432.6694689705	-0.0969148590945
-18.70876595101	432.6694689705	-0.1429769962242
-19.16835566118	432.6694689705	-0.1916336078701
-19.62738357569	432.6694689705	-0.2429153374321
-20.0858139439	432.6694689705	-0.2968477210766
-20.54363655135	432.6694689705	-0.3534409732702
-21.00077989677	432.6694689705	-0.4093856068348
-21.45718269336	432.6694689705	-0.4748501232699
-21.91274790369	432.6694689705	-0.5394413028108
-22.36733252523	432.6694689705	-0.6070815006316
-22.82080376991	432.6694689705	-0.6776890009996
-23.27299309903	432.6694689705	-0.7513455196474
-23.72365536539	432.6694689705	-0.8281480940078
-24.1724381699	432.6694689705	-0.9082039759801
-24.61896868452	432.6694689705	-0.9916817042631
-25.06282811613	432.6694689705	-1.078760032022
-25.50349552692	432.6694689705	-1.16965857029
-25.94006693661	432.6694689705	-1.264586715631
-26.37198565676	432.6694689705	-1.363963261176
-26.79856221089	432.6694689705	-1.468084426456
-27.21819292772	432.6694689705	-1.577113642937
-27.62884002118	432.6694689705	-1.691214342085
-28.02756172488	432.6694689705	-1.810330344334
-28.4099964616	432.6694689705	-1.933920282952
-28.76993894286	432.6694689705	-2.06060520495
-29.09954956555	432.6694689705	-2.187841708145
-29.3910704423	432.6694689705	-2.31207515816
-29.63964459422	432.6694689705	-2.429613025318
-29.84552227577	432.6694689705	-2.538090660603
-30.0132693535	432.6694689705	-2.636874767085
-30.14931583413	432.6694689705	-2.726338172796
-30.26000490144	432.6694689705	-2.808442055321
-30.35045400317	432.6694689705	-2.884340649387
-30.42450888602	432.6694689705	-2.95529544162
-30.48498874275	432.6694689705	-3.022338093144
-30.53390071606	432.6694689705	-3.086244903423
-30.57266972404	432.6694689705	-3.147669598318
-30.60229167718	432.6694689705	-3.206510033164
-30.62344583751	432.6694689705	-3.263889799285
-30.63681657429	432.6694689705	-3.318695519824
-30.64298100488	432.6694689705	-3.370574795682
-30.64103004176	432.6694689705	-3.420508215653
-30.62772569901	432.6694689705	-3.473735801102
-30.60229167718	432.6694689705	-3.526299446222
-30.56614267988	432.6694689705	-3.576774232923
-30.51963110622	432.6694689705	-3.626033498098
-30.46272120557	432.6694689705	-3.674439855313
-30.39485118225	432.6694689705	-3.722902392093
-30.31426414801	432.6694689705	-3.772171871735
-30.21814601731	432.6694689705	-3.823131845599
-30.10257443497	432.6694689705	-3.877110194343
-29.9621970205	432.6694689705	-3.935276474393
-29.7893171733	432.6694689705	-3.998749169842
-29.57486444705	432.6694689705	-4.068677408181
-29.31173468022	432.6694689705	-4.144953937511
-28.99781858546	432.6694689705	-4.225918907011
-28.63908651849	432.6694689705	-4.308804196231
-28.24693782404	432.6694689705	-4.39041778436
-27.8324603056	432.6694689705	-4.468742314243
-27.40377446413	432.6694689705	-4.542878912821
-26.96588538825	432.6694689705	-4.612659041395
-26.52176548774	432.6694689705	-4.678266560362
-26.07321761597	432.6694689705	-4.739972153089
-25.62148283061	432.6694689705	-4.798036288473
-25.16723017924	432.6694689705	-4.852683684779
-24.71054648482	432.6694689705	-4.904241204939
-24.25194757791	432.6694689705	-4.952999961251
-23.79181139377	432.6694689705	-4.999133599647
-23.33030647111	432.6694689705	-5.042836194993
-22.86763199203	432.6694689705	-5.084271178753
-22.40398713862	432.6694689705	-5.123591767927
-21.93970898828	432.6694689705	-5.160925643347
-21.47504779544	432.6694689705	-5.196262590548
-21.01008016861	432.6694689705	-5.232309443177
-20.54483164394	432.6694689705	-5.261425780218
-20.07937372271	432.6694689705	-5.291057947823
-19.61370129768	432.6694689705	-5.318764688474
-19.14787054842	432.6694689705	-5.344551109404
-18.68191211832	432.6694689705	-5.368422317846
-18.21582090016	432.6694689705	-5.390383421035
-17.7496530735	432.6694689705	-5.410449740669
-17.28342906727	432.6694689705	-5.428616169516
-16.81717952488	432.6694689705	-5.444887814809
-16.35091466079	432.6694689705	-5.459259569314
-15.88466001116	432.6694689705	-5.471731433032
-15.41847175557	432.6694689705	-5.482288084262
-14.95229882167	432.6694689705	-5.490924415772
-14.48622292521	432.6694689705	-5.497640427561
-14.02024406618	432.6694689705	-5.50240547623
-13.55434181565	432.6694689705	-5.505224669011
-13.08858256766	432.6694689705	-5.506082684206
-12.62296632219	432.6694689705	-5.504948878413
-12.15747775756	432.6694689705	-5.501813037167
-11.69216283886	432.6694689705	-5.496659838768
-11.22705220949	432.6694689705	-5.489463747049
-10.76212033329	432.6694689705	-5.480199225843
-10.29742849706	432.6694689705	-5.468840738984
-9.833007344184	432.6694689705	-5.455357643073
-9.368882410843	432.6694689705	-5.439709080243
-8.905120091067	432.6694689705	-5.421854192628
-8.441837851221	432.6694689705	-5.401757229593
-7.979168479371	432.6694689705	-5.379336475408
-7.517183476782	432.6694689705	-5.354525536038
-7.055974773656	432.6694689705	-5.327217159585
-6.595419796392	432.6694689705	-5.297278557982
-6.135094644626	432.6694689705	-5.264622908264
-5.674570310762	432.6694689705	-5.229270639364
-5.213775293532	432.6694689705	-5.191318788714
-4.752658520605	432.6694689705	-5.150838857581
-4.29118934858	432.6694689705	-5.10793299063
-3.829383099158	432.6694689705	-5.062682903595
-3.367219343404	432.6694689705	-5.015180526675
-2.904703188553	432.6694689705	-4.965533111769
-2.441834634604	432.6694689705	-4.913827481843
-1.978613681558	432.6694689705	-4.86016067433
-1.515025007713	432.6694689705	-4.804634833896
-1.051058398605	432.6694689705	-4.74734189074
-0.5866883180661	432.6694689705	-4.688383989529
-0.1218994443965	432.6694689705	-4.627873489395
0.3433286513369	432.6694689705	-4.565917642236
0.8090163980672	432.6694689705	-4.502623699953
1.275225082594	432.6694689705	-4.438093807212
1.74202109895	432.6694689705	-4.372465859311
2.20936358927	432.6694689705	-4.305867537084
2.677502807984	432.6694689705	-4.238375449029
3.146362146594	432.6694689705	-4.170260278511
3.615834353199	432.6694689705	-4.10161395573
4.085883677167	432.6694689705	-4.032645877251
4.555830856469	432.6694689705	-3.963682906006
5.024960878444	432.6694689705	-3.895051904925
5.492911129526	432.6694689705	-3.82704909354
5.959451784217	432.6694689705	-3.759970691382
6.424358124253	432.6694689705	-3.694138454149
6.887430967534	432.6694689705	-3.629899673706
7.348414952395	432.6694689705	-3.567662928716
7.807039395472	432.6694689705	-3.507877655711
8.263263438898	432.6694689705	-3.451029041852
8.717235192439	432.6694689705	-3.397530773038
9.16910276586	432.6694689705	-3.347770998999
9.619152164227	432.6694689705	-3.302076582667
10.0676540709	432.6694689705	-3.260621169974
10.51494045606	432.6694689705	-3.223609050251
10.96136371878	432.6694689705	-3.191453909396
11.40723029307	432.6694689705	-3.164324286108
11.85286704187	432.6694689705	-3.142281467187
12.29854464853	432.6694689705	-3.125335667099
12.74450826026	432.6694689705	-3.113440920744
13.19096216638	432.6694689705	-3.106535941323
13.63806469114	432.6694689705	-3.104503262469
14.08588222855	432.6694689705	-3.107235632285
14.53459353179	432.6694689705	-3.11459515547
14.98436713956	432.6694689705	-3.126403078858
15.43523369526	432.6694689705	-3.142444898653
15.88713701931	432.6694689705	-3.162521432754
16.34003114663	432.6694689705	-3.186423284596
16.793824147	432.6694689705	-3.213951272081
17.2484343047	432.6694689705	-3.244901105877
17.7034887917	432.6694689705	-3.279027638786
18.15819087961	432.6694689705	-3.316085723608
18.61117182989	432.6694689705	-3.355676996147
19.05623656855	432.6694689705	-3.397014942475
19.48504498363	432.6694689705	-3.439410086095
19.88061552439	432.6694689705	-3.479578475997
20.21567045778	432.6694689705	-3.5144864156
20.4000569016	432.6694689705	-3.534322909736
