13.13400650115	521.0237367537	-1.990341387919
13.02012683763	521.0237367537	-1.961320948801
12.81531580948	521.0237367537	-1.910843211204
12.57496981727	521.0237367537	-1.853811625568
12.31305511116	521.0237367537	-1.793680069809
12.03931070934	521.0237367537	-1.733194606256
11.7590288441	521.0237367537	-1.673453004456
11.47563717796	521.0237367537	-1.615087710744
11.19031212665	521.0237367537	-1.558282232865
10.90355833648	521.0237367537	-1.503020186199
10.61568383828	521.0237367537	-1.449268801506
10.32678038595	521.0237367537	-1.396939601838
10.03694956411	521.0237367537	-1.345953941018
9.746233972795	521.0237367537	-1.296220065173
9.454646719687	521.0237367537	-1.247639666584
9.162282835587	521.0237367537	-1.200117714452
8.86922096667	521.0237367537	-1.153595224146
8.575389020609	521.0237367537	-1.10797716487
8.280806658948	521.0237367537	-1.063155398131
7.98554269709	521.0237367537	-1.019048000828
7.689626627353	521.0237367537	-0.9755861575564
7.393071557432	521.0237367537	-0.9326813913685
7.095936471959	521.0237367537	-0.8902747176315
6.798227924783	521.0237367537	-0.8483104286371
6.499981962067	521.0237367537	-0.806732816677
6.201224799205	521.0237367537	-0.7655746509915
5.901953159272	521.0237367537	-0.7249407931491
5.602206365355	521.0237367537	-0.6846706738728
5.302013909772	521.0237367537	-0.6446594315941
5.001392177143	521.0237367537	-0.6048611893767
4.700380490555	521.0237367537	-0.5652497318283
4.399041111565	521.0237367537	-0.525811951253
4.097439578654	521.0237367537	-0.4865445707268
3.795690584161	521.0237367537	-0.4474443133255
3.49402351277	521.0237367537	-0.4085537790615
3.192730010716	521.0237367537	-0.3699647218072
2.891973924202	521.0237367537	-0.3318246031437
2.591751976303	521.0237367537	-0.2942546692595
2.292073997791	521.0237367537	-0.2573859971156
1.99289411173	521.0237367537	-0.2213365559765
1.694192656576	521.0237367537	-0.186221038183
1.395936863088	521.0237367537	-0.1521213668356
1.098048085091	521.0237367537	-0.1191489573509
0.8004935533438	521.0237367537	-0.08737917898131
0.5032306678343	521.0237367537	-0.05689067790341
0.2061873362341	521.0237367537	-0.02774571567353
-0.09068231839302	521.0237367537	0
-0.3874208960594	521.0237367537	0.02629731525689
-0.6840873813973	521.0237367537	0.05110363008489
-0.9807309282671	521.0237367537	0.07439272909183
-1.277394136681	521.0237367537	0.09613839688557
-1.574113052803	521.0237367537	0.116330802694
-1.870913892026	521.0237367537	0.1349568388212
-2.167842531286	521.0237367537	0.1520165052669
-2.46490552443	521.0237367537	0.1675098020314
-2.762138917623	521.0237367537	0.1814432829625
-3.059536157017	521.0237367537	0.1938333326804
-3.357097242613	521.0237367537	0.2046865050332
-3.654858220573	521.0237367537	0.2140191846409
-3.952760106266	521.0237367537	0.2218477561236
-4.250809453541	521.0237367537	0.2281820502534
-4.548944000839	521.0237367537	0.2330482824224
-4.847068717366	521.0237367537	0.2364398987826
-5.145170495425	521.0237367537	0.2383601762581
-5.443252611939	521.0237367537	0.2387992840767
-5.741406820782	521.0237367537	0.2377506683904
-6.039846122014	521.0237367537	0.2352438215155
-6.338675377205	521.0237367537	0.2313573896283
-6.637819217102	521.0237367537	0.2261634650573
-6.937195718604	521.0237367537	0.2197144785868
-7.236732789383	521.0237367537	0.2120530302291
-7.536332121718	521.0237367537	0.2032053353763
-7.835918346358	521.0237367537	0.1931812248005
-8.135429201745	521.0237367537	0.1819839754257
-8.434772934007	521.0237367537	0.1696070334039
-8.733913496979	521.0237367537	0.1560209064188
-9.03280829065	521.0237367537	0.1412092098505
-9.33139177654	521.0237367537	0.1251391744586
-9.629650846951	521.0237367537	0.107768200231
-9.927569117265	521.0237367537	0.08905696407932
-10.22510726439	521.0237367537	0.06896941983948
-10.5222751191	521.0237367537	0.04745641365113
-10.81906940448	521.0237367537	0.02447862242604
-11.11548028974	521.0237367537	-6.553848039289e-06
-11.41151760567	521.0237367537	-0.02603188441131
-11.70719445995	521.0237367537	-0.05363996927602
-12.0024977449	521.0237367537	-0.08285702383433
-12.2974405682	521.0237367537	-0.1137092634784
-12.59202620679	521.0237367537	-0.1462229036004
-12.88622844526	521.0237367537	-0.1804110518963
-13.18003745286	521.0237367537	-0.2162704314423
-13.47341062956	521.0237367537	-0.2517201954858
-13.76630865227	521.0237367537	-0.2931863920292
-14.05866925945	521.0237367537	-0.3340955114892
-14.35040069721	521.0237367537	-0.3769183545767
-14.64141448862	521.0237367537	-0.4216090443554
-14.93160904902	521.0237367537	-0.4682200116094
-15.22082053221	521.0237367537	-0.5168102409713
-15.50882938429	521.0237367537	-0.5674583786175
-15.79538983595	521.0237367537	-0.6202594553445
-16.08023645635	521.0237367537	-0.6753379942651
-16.36303499924	521.0237367537	-0.7328250723401
-16.64320544906	521.0237367537	-0.7928583203783
-16.92038734418	521.0237367537	-0.8556998923012
-17.19414157677	521.0237367537	-0.9215300189299
-17.46343591577	521.0237367537	-0.9904568387571
-17.72696614542	521.0237367537	-1.062581936427
-17.98284475749	521.0237367537	-1.137865988853
-18.22826998194	521.0237367537	-1.215968195935
-18.459263633	521.0237367537	-1.296026726656
-18.67078907846	521.0237367537	-1.376426057476
-18.85787194766	521.0237367537	-1.45492149544
-19.01739260893	521.0237367537	-1.529192978343
-19.14951163155	521.0237367537	-1.597742951908
-19.25716186252	521.0237367537	-1.660171631405
-19.34446894917	521.0237367537	-1.71673789383
-19.41550283114	521.0237367537	-1.768637816452
-19.47355026322	521.0237367537	-1.816625091794
-19.52107221536	521.0237367537	-1.861502566242
-19.55988738037	521.0237367537	-1.903912516903
-19.59127375863	521.0237367537	-1.94434648238
-19.61615216578	521.0237367537	-1.983227185872
-19.63516487894	521.0237367537	-2.020492365822
-19.64874117516	521.0237367537	-2.056787576263
-19.65732016224	521.0237367537	-2.09157212473
-19.66127540953	521.0237367537	-2.124616626544
-19.66002362456	521.0237367537	-2.156664943455
-19.65148723749	521.0237367537	-2.19142327653
-19.63517470972	521.0237367537	-2.225745778711
-19.61198391843	521.0237367537	-2.258773895904
-19.58214424831	521.0237367537	-2.291067982117
-19.54563931473	521.0237367537	-2.322847591258
-19.50210210221	521.0237367537	-2.35469273888
-19.45040207195	521.0237367537	-2.387111348206
-19.38874019267	521.0237367537	-2.420689988634
-19.31459978673	521.0237367537	-2.456287214258
-19.22454991468	521.0237367537	-2.494682932995
-19.11364569816	521.0237367537	-2.536640668142
-18.97607387397	521.0237367537	-2.582923942994
-18.8072762408	521.0237367537	-2.63347377292
-18.60589942902	521.0237367537	-2.687221880688
-18.3757708859	521.0237367537	-2.742297142685
-18.12420470585	521.0237367537	-2.796602327537
-17.85831836782	521.0237367537	-2.848790619472
-17.58331562718	521.0237367537	-2.898252510623
-17.30240786945	521.0237367537	-2.944873308649
-17.01750554134	521.0237367537	-2.988761152043
-16.72975884319	521.0237367537	-3.030096271626
-16.43997389829	521.0237367537	-3.069042513598
-16.14857342985	521.0237367537	-3.105757170313
-15.85560986866	521.0237367537	-3.140453241832
-15.56142073788	521.0237367537	-3.1733142359
-15.26624525297	521.0237367537	-3.204461398706
-14.9701882755	521.0237367537	-3.234012699514
-14.67338415935	521.0237367537	-3.262079553742
-14.37596070456	521.0237367537	-3.288756992185
-14.07812763428	521.0237367537	-3.31412366102
-13.78004879468	521.0237367537	-3.338166452552
-13.48177661658	521.0237367537	-3.36267129037
-13.18332420765	521.0237367537	-3.382644142269
-12.88473416791	521.0237367537	-3.402951240418
-12.58600649737	521.0237367537	-3.421993445896
-12.28718379602	521.0237367537	-3.439780589474
-11.98827261773	521.0237367537	-3.456312671153
-11.68928279326	521.0237367537	-3.471599521704
-11.39024053801	521.0237367537	-3.485647694976
-11.09116223659	521.0237367537	-3.498457190968
-10.79206755056	521.0237367537	-3.510031286605
-10.49296303375	521.0237367537	-3.520369981887
-10.19386834771	521.0237367537	-3.529476553737
-9.894812984765	521.0237367537	-3.537347725232
-9.595770729513	521.0237367537	-3.543976942524
-9.296790735817	521.0237367537	-3.549367482536
-8.997869726754	521.0237367537	-3.553509514497
-8.699004425399	521.0237367537	-3.556399761482
-8.400227600992	521.0237367537	-3.558031669644
-8.101539253534	521.0237367537	-3.558392131286
-7.802936106101	521.0237367537	-3.557477869484
-7.504447651008	521.0237367537	-3.555275776543
-7.206086995952	521.0237367537	-3.551769467842
-6.907841033237	521.0237367537	-3.546945835685
-6.60974908595	521.0237367537	-3.540788495453
-6.311834092561	521.0237367537	-3.533274508676
-6.014109160765	521.0237367537	-3.524374383039
-5.71661361365	521.0237367537	-3.514068456997
-5.419432651241	521.0237367537	-3.502317407463
-5.122638365866	521.0237367537	-3.489081911348
-4.826286465234	521.0237367537	-3.474312814792
-4.530432657053	521.0237367537	-3.457951133162
-4.234998295146	521.0237367537	-3.439918220283
-3.939711394821	521.0237367537	-3.420158368445
-3.644296694458	521.0237367537	-3.398681408421
-3.348708317123	521.0237367537	-3.375546324843
-3.052913493574	521.0237367537	-3.350802271571
-2.756895839192	521.0237367537	-3.324498402466
-2.4606586309	521.0237367537	-3.29669370216
-2.164195314852	521.0237367537	-3.267440601438
-1.867505891046	521.0237367537	-3.236798084931
-1.570590359482	521.0237367537	-3.204825137272
-1.273445443237	521.0237367537	-3.171580743094
-0.9760711423113	521.0237367537	-3.137123887028
-0.6784510720837	521.0237367537	-3.101513553708
-0.3805721248585	521.0237367537	-3.064815281613
-0.08242774678777	521.0237367537	-3.027094609224
0.2160017236727	521.0237367537	-2.988420351945
0.5147228403709	521.0237367537	-2.948861325181
0.8137814802431	521.0237367537	-2.908483067412
1.113213689454	521.0237367537	-2.867374055587
1.41299325261	521.0237367537	-2.825612935882
1.713287292838	521.0237367537	-2.783252139081
2.014043379352	521.0237367537	-2.740462065234
2.315189419825	521.0237367537	-2.697304975896
2.616709029635	521.0237367537	-2.653915224953
2.918156547118	521.0237367537	-2.610499258618
3.219086310605	521.0237367537	-2.567263523105
3.51925582772	521.0237367537	-2.524401356929
3.81852419073	521.0237367537	-2.482096267836
4.116740661129	521.0237367537	-2.440544871268
4.413780715805	521.0237367537	-2.39996344421
4.709480508557	521.0237367537	-2.360597755964
5.003666362412	521.0237367537	-2.32272634507
5.296315338902	521.0237367537	-2.286640857766
5.587515914976	521.0237367537	-2.252587063355
5.877366398353	521.0237367537	-2.220804177289
6.166050296779	521.0237367537	-2.191485538087
6.453744564152	521.0237367537	-2.164722899619
6.740655646683	521.0237367537	-2.140650615771
7.02701620598	521.0237367537	-2.119521009693
7.313016303634	521.0237367537	-2.101425835257
7.598865662783	521.0237367537	-2.086407692476
7.884744514249	521.0237367537	-2.074456750576
8.17080687346	521.0237367537	-2.065553348015
8.457183817376	521.0237367537	-2.059645054008
8.743973653719	521.0237367537	-2.05666305315
9.031225536349	521.0237367537	-2.056528699265
9.319050880682	521.0237367537	-2.059160069253
9.607554548287	521.0237367537	-2.064435916925
9.896759477633	521.0237367537	-2.072228442243
10.18662962255	521.0237367537	-2.082396737476
10.47713549074	521.0237367537	-2.094819556434
10.76821482062	521.0237367537	-2.109365822157
11.05982173527	521.0237367537	-2.125904457683
11.35170718847	521.0237367537	-2.144281447585
11.64337308775	521.0237367537	-2.164342776433
11.93393138671	521.0237367537	-2.185849228773
12.21941045345	521.0237367537	-2.208348589091
12.49446562488	521.0237367537	-2.231467288049
12.74819785171	521.0237367537	-2.253337478956
12.96311163661	521.0237367537	-2.272291207485
13.08138565525	521.0237367537	-2.283055902889
