34.04896860231	94.1183547658	-6.18748981028
33.75362294547	94.1183547658	-6.083358699636
33.22243269428	94.1183547658	-5.902211209454
32.5990914692	94.1183547658	-5.697341518022
31.91979475796	94.1183547658	-5.481154891157
31.20982923671	94.1183547658	-5.26394795456
30.48290106618	94.1183547658	-5.049733926507
29.74790394619	94.1183547658	-4.840825509057
29.00789030336	94.1183547658	-4.638038949993
28.26417803775	94.1183547658	-4.441433767384
27.51754938683	94.1183547658	-4.251018463811
26.76826793061	94.1183547658	-4.06661448507
26.01655473619	94.1183547658	-3.888060282121
25.26256285004	94.1183547658	-3.715160295599
24.50630077474	94.1183547658	-3.547710463557
23.74802358772	94.1183547658	-3.385523729211
22.98793535093	94.1183547658	-3.228498061589
22.22584900758	94.1183547658	-3.076403891001
21.46181557316	94.1183547658	-2.928994642595
20.69601360188	94.1183547658	-2.786066254425
19.92851961695	94.1183547658	-2.647414664544
19.15935912614	94.1183547658	-2.512835811007
18.38869367846	94.1183547658	-2.382125631868
17.61654878168	94.1183547658	-2.255080065179
16.8430094616	94.1183547658	-2.131469541251
16.06812673371	94.1183547658	-2.011336572991
15.29192610575	94.1183547658	-1.895259335912
14.51448410094	94.1183547658	-1.782217520283
13.73588574511	94.1183547658	-1.67155642736
12.95617355116	94.1183547658	-1.562918948737
12.17544104747	94.1183547658	-1.456015996657
11.39386678826	94.1183547658	-1.350583991107
10.61160381998	94.1183547658	-1.246410367557
9.828958235547	94.1183547658	-1.143333576969
9.046525215643	94.1183547658	-1.041319609018
8.265069992565	94.1183547658	-0.9405300127435
7.484992187624	94.1183547658	-0.8412963888093
6.706308805982	94.1183547658	-0.7439333327155
5.92902835022	94.1183547658	-0.6487809477059
5.153031784204	94.1183547658	-0.5561538292808
4.378285097608	94.1183547658	-0.4663325626163
3.604694762041	94.1183547658	-0.3796147380508
2.832056715556	94.1183547658	-0.2962299252736
2.060277429761	94.1183547658	-0.216382186231
1.289254873684	94.1183547658	-0.1402925880314
0.5188104931212	94.1183547658	-0.06811417713451
-0.251200255806	94.1183547658	0
-1.020862398908	94.1183547658	0.06393940981794
-1.790345987808	94.1183547658	0.1236020213462
-2.55977005864	94.1183547658	0.1789538242604
-3.329245144958	94.1183547658	0.2299353004929
-4.098856272574	94.1183547658	0.2765549526248
-4.868696969879	94.1183547658	0.3188212832372
-5.638860765266	94.1183547658	0.3567598000733
-6.409373166478	94.1183547658	0.3904300212008
-7.180327701906	94.1183547658	0.4198914646874
-7.95171586897	94.1183547658	0.4452376589251
-8.723529165089	94.1183547658	0.4665281219815
-9.495861118655	94.1183547658	0.4838818899919
-10.26855868321	94.1183547658	0.4973754861862
-11.04163886391	94.1183547658	0.5071024389564
-11.81494011172	94.1183547658	0.5131562766945
-12.58821585179	94.1183547658	0.5155029890761
-13.36144057637	94.1183547658	0.5140745554525
-14.13460578288	94.1183547658	0.5088029551749
-14.90796654876	94.1183547658	0.4996201675947
-15.68205853661	94.1183547658	0.4865772081983
-16.45717083419	94.1183547658	0.4699206518375
-17.23309937956	94.1183547658	0.4498715656207
-18.00963160818	94.1183547658	0.4265914985885
-18.78658896586	94.1183547658	0.4001909842954
-19.56369937	94.1183547658	0.370755048552
-20.34077576382	94.1183547658	0.3383006965208
-21.11766510085	94.1183547658	0.3028449333638
-21.89411230367	94.1183547658	0.2643197384322
-22.67004935161	94.1183547658	0.2226570910775
-23.44533170082	94.1183547658	0.1777719654885
-24.2198148074	94.1183547658	0.129536822949
-24.99345615845	94.1183547658	0.0778241247425
-25.76623024624	94.1183547658	0.02248932699049
-26.53800102945	94.1183547658	-0.03661211418565
-27.30881952358	94.1183547658	-0.09963324524557
-28.07866872347	94.1183547658	-0.1667186100678
-28.84752312137	94.1183547658	-0.2379957473689
-29.61540822502	94.1183547658	-0.3136006984462
-30.38236654734	94.1183547658	-0.393652499435
-31.14835557541	94.1183547658	-0.4782531813085
-31.91340931956	94.1183547658	-0.5674877698775
-32.67752777979	94.1183547658	-0.6614157832098
-33.44065994061	94.1183547658	-0.7600797342108
-34.20278029428	94.1183547658	-0.8634541151372
-34.96376130209	94.1183547658	-0.9616844345024
-35.72350943564	94.1183547658	-1.084665767429
-36.48187164847	94.1183547658	-1.20192486328
-37.23860136573	94.1183547658	-1.324863683301
-37.99346901773	94.1183547658	-1.453150626829
-38.74621952704	94.1183547658	-1.586938740325
-39.49641075944	94.1183547658	-1.726381070247
-40.24349004716	94.1183547658	-1.87166467338
-40.98681119403	94.1183547658	-2.023053129737
-41.725685491	94.1183547658	-2.180895045144
-42.45924567478	94.1183547658	-2.345556030587
-43.18599529111	94.1183547658	-2.517384691892
-43.90499055348	94.1183547658	-2.697205779424
-44.61510061861	94.1183547658	-2.88553795063
-45.31364717345	94.1183547658	-3.082678795848
-45.99722918557	94.1183547658	-3.288917402835
-46.66096617342	94.1183547658	-3.504126232875
-47.29759693274	94.1183547658	-3.727344494305
-47.89678232493	94.1183547658	-3.956029915377
-48.44547939059	94.1183547658	-4.185540086815
-48.93076420647	94.1183547658	-4.409472565056
-49.34455932051	94.1183547658	-4.621067798132
-49.6872813592	94.1183547658	-4.816168023888
-49.96652312745	94.1183547658	-4.993123741591
-50.19299787744	94.1183547658	-5.153354882285
-50.3772573123	94.1183547658	-5.300449535191
-50.52782952087	94.1183547658	-5.436261262987
-50.65109994156	94.1183547658	-5.563009239337
-50.75178750686	94.1183547658	-5.682640555313
-50.83319972082	94.1183547658	-5.796566639376
-50.8977428139	94.1183547658	-5.905977852878
-50.94705778423	94.1183547658	-6.01017698417
-50.98226697254	94.1183547658	-6.112531055365
-51.00453523242	94.1183547658	-6.210718861825
-51.01478934522	94.1183547658	-6.299740885867
-51.01154135924	94.1183547658	-6.381833306318
-50.98938363291	94.1183547658	-6.466323454637
-50.94704928165	94.1183547658	-6.550226924861
-50.88685100752	94.1183547658	-6.628867297389
-50.80940949892	94.1183547658	-6.705475553035
-50.71466523781	94.1183547658	-6.780391795044
-50.60166593508	94.1183547658	-6.855154990593
-50.46748670286	94.1183547658	-6.930827962319
-50.30745112153	94.1183547658	-7.008694599967
-50.11502920882	94.1183547658	-7.090923061715
-49.88131025974	94.1183547658	-7.179307392175
-49.593472382	94.1183547658	-7.275216506902
-49.23641499159	94.1183547658	-7.380520973736
-48.79831950078	94.1183547658	-7.494948710084
-48.27565733843	94.1183547658	-7.615787392575
-47.67838502698	94.1183547658	-7.739236367461
-47.02546332228	94.1183547658	-7.860304619642
-46.33538533821	94.1183547658	-7.975922717342
-45.62163616837	94.1183547658	-8.085061848249
-44.89256534741	94.1183547658	-8.187390411701
-44.15312137751	94.1183547658	-8.283197495455
-43.40629716722	94.1183547658	-8.372950741471
-42.6541843515	94.1183547658	-8.457066776222
-41.89787126071	94.1183547658	-8.535851692628
-41.13751094132	94.1183547658	-8.609798640392
-40.37395365144	94.1183547658	-8.679383764055
-39.60784558724	94.1183547658	-8.744904653957
-38.83945032872	94.1183547658	-8.806650397853
-38.06910797913	94.1183547658	-8.864918586082
-37.29715864171	94.1183547658	-8.919981301239
-36.52415498424	94.1183547658	-8.97204260527
-35.75050513061	94.1183547658	-9.021230036892
-34.97634512211	94.1183547658	-9.073997055154
-34.20172597423	94.1183547658	-9.111425417124
-33.42674971794	94.1183547658	-9.151957221194
-32.65140785067	94.1183547658	-9.189538629624
-31.87581940854	94.1183547658	-9.224118626929
-31.10000989931	94.1183547658	-9.255705715688
-30.32397932297	94.1183547658	-9.284316901066
-29.54782971049	94.1183547658	-9.309935177898
-28.77156956446	94.1183547658	-9.332552043605
-27.99527540811	94.1183547658	-9.352141990443
-27.21895574401	94.1183547658	-9.36868801325
-26.44265308508	94.1183547658	-9.382164604282
-25.66645245711	94.1183547658	-9.392512245472
-24.89028583947	94.1183547658	-9.399705429076
-24.11428077088	94.1183547658	-9.403710144771
-23.33843725132	94.1183547658	-9.404458371907
-22.56272127048	94.1183547658	-9.40191610016
-21.78724336191	94.1183547658	-9.396040816625
-21.01199502303	94.1183547658	-9.386781505815
-20.23695924868	94.1183547658	-9.374078649663
-19.46222106466	94.1183547658	-9.357915243005
-18.68781448131	94.1183547658	-9.338231767775
-17.91371399088	94.1183547658	-9.314977208486
-17.14000461917	94.1183547658	-9.288126057395
-16.36675438685	94.1183547658	-9.257618796434
-15.59398880165	94.1183547658	-9.223421415279
-14.82182689971	94.1183547658	-9.185491401024
-14.05047274297	94.1183547658	-9.143769235602
-13.28013039338	94.1183547658	-9.098144385458
-12.51092738965	94.1183547658	-9.048438296389
-11.74301677826	94.1183547658	-8.994463911612
-10.97620299982	94.1183547658	-8.93594064595
-10.20976333495	94.1183547658	-8.872698447782
-9.442983566839	94.1183547658	-8.804788332593
-8.67576166451	94.1183547658	-8.73240585975
-7.908004099572	94.1183547658	-8.655704075712
-7.13966835912	94.1183547658	-8.574895545006
-6.370754443154	94.1183547658	-8.490150319254
-5.601253849093	94.1183547658	-8.401672460402
-4.831166576936	94.1183547658	-8.309657527816
-4.060492626683	94.1183547658	-8.21430108086
-3.289223495754	94.1183547658	-8.115807181481
-2.517350681568	94.1183547658	-8.014362886462
-1.74484867638	94.1183547658	-7.910155252589
-0.9716664647054	94.1183547658	-7.803388341806
-0.197787041381	94.1183547658	-7.69425771348
0.5768236039174	94.1183547658	-7.582967429556
1.352190978933	94.1183547658	-7.4697130494
2.128434119801	94.1183547658	-7.354681629795
2.905655057495	94.1183547658	-7.238094237851
3.683777268785	94.1183547658	-7.120180443256
4.463234385306	94.1183547658	-7.001067784726
5.243890365762	94.1183547658	-6.881215401642
6.025566655948	94.1183547658	-6.760776340463
6.808212240379	94.1183547658	-6.640116212174
7.590670768026	94.1183547658	-6.519804689711
8.37177738528	94.1183547658	-6.400411446006
9.150919906301	94.1183547658	-6.282463641086
9.927724217521	94.1183547658	-6.166479932399
10.70179920021	94.1183547658	-6.053081008365
11.47282175629	94.1183547658	-5.94295557805
12.2403667567	94.1183547658	-5.836894381499
13.00398356464	94.1183547658	-5.735824200048
13.76361266206	94.1183547658	-5.640705825363
14.51948361863	94.1183547658	-5.552355505228
15.2718430092	94.1183547658	-5.471580984846
16.0211839835	94.1183547658	-5.399062470705
16.7679571783	94.1183547658	-5.335123060888
17.51269825622	94.1183547658	-5.280153874123
18.25600239793	94.1183547658	-5.235302758858
18.99837975831	94.1183547658	-5.200884310594
19.74036599995	94.1183547658	-5.17704307321
20.48243726741	94.1183547658	-5.163804554448
21.22497617682	94.1183547658	-5.161117738823
21.96833133402	94.1183547658	-5.16887209278
22.71276631902	94.1183547658	-5.186889062115
23.45840016796	94.1183547658	-5.214981590046
24.205513466	94.1183547658	-5.252937112044
24.9544038035	94.1183547658	-5.300432530029
25.70510519076	94.1183547658	-5.357110735594
26.45754110457	94.1183547658	-5.422614620333
27.21161801653	94.1183547658	-5.496595578421
27.96719138276	94.1183547658	-5.578713506616
28.72413366455	94.1183547658	-5.668628301672
29.48180716831	94.1183547658	-5.765889326793
30.23890249656	94.1183547658	-5.870054447761
30.99313245498	94.1183547658	-5.980281909048
31.73417491012	94.1183547658	-6.094658629908
32.44816215223	94.1183547658	-6.211314042502
33.10679759142	94.1183547658	-6.322162192209
33.66466894208	94.1183547658	-6.418913062464
33.97168014018	94.1183547658	-6.473975777621
