main_1
1   4.521e-05 
0.99405   0.0019934 
0.98529   0.0047302 
0.97505   0.0078024 
0.96426   0.01089 
0.95323   0.013903 
0.94213   0.016803 
0.93099   0.019589 
0.91983   0.022263 
0.90866   0.024834 
0.89747   0.027306 
0.88626   0.029688 
0.87504   0.031986 
0.86381   0.034204 
0.85257   0.036349 
0.84131   0.038427 
0.83004   0.040445 
0.81876   0.042407 
0.80747   0.044319 
0.79617   0.046185 
0.78486   0.048011 
0.77354   0.049802 
0.76221   0.051561 
0.75088   0.053293 
0.73953   0.055003 
0.72818   0.056694 
0.71681   0.058368 
0.70545   0.060027 
0.6941   0.061665 
0.68277   0.063275 
0.67145   0.064848 
0.66014   0.066377 
0.64885   0.067855 
0.63758   0.069275 
0.62631   0.070633 
0.61507   0.071921 
0.60383   0.073136 
0.5926   0.074275 
0.58139   0.075334 
0.57018   0.076312 
0.55899   0.077207 
0.5478   0.078019 
0.53662   0.078748 
0.52545   0.079395 
0.51428   0.079961 
0.50312   0.080446 
0.49197   0.080854 
0.48081   0.081185 
0.46967   0.081441 
0.45853   0.081623 
0.44739   0.081732 
0.43625   0.081767 
0.42511   0.081727 
0.41397   0.081613 
0.40281   0.08143 
0.39163   0.081182 
0.38044   0.080874 
0.36925   0.080505 
0.35805   0.080078 
0.34684   0.079591 
0.33563   0.079043 
0.32441   0.078433 
0.3132   0.077757 
0.30198   0.077014 
0.29077   0.076199 
0.27956   0.07531 
0.26835   0.074343 
0.25715   0.073296 
0.24595   0.072165 
0.23477   0.070948 
0.22359   0.069644 
0.21243   0.06825 
0.20128   0.066764 
0.19015   0.065186 
0.17904   0.063512 
0.16795   0.061742 
0.15689   0.059872 
0.14586   0.057899 
0.13487   0.055818 
0.12392   0.053624 
0.11304   0.051309 
0.10222   0.048861 
0.09149   0.04627 
0.08087   0.043515 
0.070395   0.040584 
0.060119   0.037461 
0.050135   0.034137 
0.040606   0.030623 
0.031821   0.026988 
0.024171   0.02339 
0.017961   0.020035 
0.013184   0.017051 
0.0095799   0.014437 
0.0068454   0.012121 
0.0047484   0.010026 
0.0031315   0.0080831 
0.0018987   0.0062449 
0.0009966   0.0044853 
0.0003901   0.0027816 
6.56e-05   0.0011394 
3e-07   0.00011242 
1.2e-05   -0.00027555 
0.0002428   -0.0015558 
0.0008102   -0.0028592 
0.0017149   -0.0041707 
0.0029453   -0.0054484 
0.0045417   -0.0067432 
0.0065755   -0.0080836 
0.0091793   -0.0095058 
0.012564   -0.011074 
0.017033   -0.01283 
0.022922   -0.014801 
0.030389   -0.016935 
0.03921   -0.01911 
0.048934   -0.021205 
0.059183   -0.023164 
0.069742   -0.024975 
0.080496   -0.026649 
0.091384   -0.028197 
0.10237   -0.02963 
0.11343   -0.030958 
0.12455   -0.032192 
0.13571   -0.033342 
0.14692   -0.034414 
0.15815   -0.035414 
0.1694   -0.036349 
0.18067   -0.037219 
0.19195   -0.038025 
0.20323   -0.038769 
0.21452   -0.03945 
0.22582   -0.04007 
0.23712   -0.040629 
0.24842   -0.041126 
0.25972   -0.041563 
0.27102   -0.041938 
0.28233   -0.042252 
0.29363   -0.042505 
0.30493   -0.042695 
0.31623   -0.042822 
0.32753   -0.042886 
0.33882   -0.042885 
0.35011   -0.042819 
0.36139   -0.042687 
0.37266   -0.042489 
0.38393   -0.042222 
0.39518   -0.041886 
0.40642   -0.041481 
0.41765   -0.041005 
0.42887   -0.040456 
0.44007   -0.039832 
0.45125   -0.039131 
0.46241   -0.038347 
0.47355   -0.037476 
0.48469   -0.036514 
0.49582   -0.035464 
0.50696   -0.034332 
0.51811   -0.03312 
0.52925   -0.031833 
0.5404   -0.030475 
0.55155   -0.029051 
0.56271   -0.027564 
0.57388   -0.026018 
0.58505   -0.024418 
0.59623   -0.022768 
0.60742   -0.021072 
0.61862   -0.019334 
0.62984   -0.017559 
0.64107   -0.015752 
0.65231   -0.013917 
0.66358   -0.012061 
0.67488   -0.01019 
0.6862   -0.0083099 
0.69754   -0.0064307 
0.7089   -0.004564 
0.72023   -0.0027266 
0.73152   -0.00093401 
0.74277   0.00079739 
0.75396   0.0024484 
0.7651   0.0039976 
0.77619   0.0054256 
0.78723   0.0067145 
0.79824   0.0078494 
0.80923   0.008818 
0.8202   0.0096119 
0.83116   0.010225 
0.84213   0.010656 
0.85312   0.010904 
0.86411   0.010972 
0.87513   0.010864 
0.88618   0.010586 
0.89725   0.010144 
0.90834   0.0095495 
0.91946   0.00881 
0.93061   0.0079346 
0.94177   0.0069329 
0.95295   0.0058146 
0.96406   0.0045967 
0.97496   0.0033069 
0.98531   0.0019941 
0.99399   0.00086218 
1   4.521e-05 
