 ---------------------------------------------------------------
 Surface and Strip Forces by surface

  Forces referred to Sref, Cref, Bref about Xref, Yref, Zref
 Standard axis orientation,  X fwd, Z down         

  Surface # 1     Main                                    
     # Chordwise = 10   # Spanwise = 35     First strip =  1
     Surface area =    0.036022       Ave. chord =    0.065495
     CLsurf  =   0.18000     Clsurf  =  -0.03637
     CYsurf  =   0.00035     Cmsurf  =   0.01018
     CDsurf  =   0.00683     Cnsurf  =   0.00217
     CDisurf =   0.00131     CDvsurf =   0.00552

  Forces referred to Ssurf, Cave about hinge axis thru LE
     CLsurf  =   0.35978     CDsurf  =   0.01365
     Deflect =

 Strip Forces referred to Strip Area, Chord
    j      Yle    Chord     Area     c cl      ai      cl_norm  cl       cd       cdv    cm_c/4    cm_LE  C.P.x/c
     1   0.0074   0.0925   0.0014   0.0368   0.0279   0.3983   0.3982   0.0163   0.0110  -0.1627  -0.2620    0.659
     2   0.0222   0.0919   0.0014   0.0366   0.0270   0.3993   0.3991   0.0162   0.0110  -0.1627  -0.2622    0.658
     3   0.0385   0.0907   0.0016   0.0363   0.0258   0.4010   0.4004   0.0161   0.0110  -0.1625  -0.2619    0.656
     4   0.0563   0.0890   0.0016   0.0358   0.0241   0.4025   0.4018   0.0159   0.0110  -0.1620  -0.2618    0.653
     5   0.0751   0.0871   0.0017   0.0351   0.0224   0.4037   0.4028   0.0156   0.0110  -0.1613  -0.2611    0.650
     6   0.0950   0.0849   0.0017   0.0342   0.0205   0.4042   0.4033   0.0153   0.0110  -0.1603  -0.2602    0.647
     7   0.1121   0.0830   0.0012   0.0334   0.0191   0.4036   0.4027   0.0150   0.0110  -0.1591  -0.2589    0.645
     8   0.1265   0.0814   0.0012   0.0326   0.0180   0.4021   0.4012   0.0148   0.0110  -0.1578  -0.2572    0.643
     9   0.1408   0.0798   0.0011   0.0318   0.0170   0.4001   0.3992   0.0145   0.0110  -0.1563  -0.2552    0.642
    10   0.1591   0.0778   0.0018   0.0309   0.0156   0.3976   0.3968   0.0142   0.0110  -0.1546  -0.2530    0.640
    11   0.1816   0.0754   0.0017   0.0297   0.0137   0.3940   0.3933   0.0138   0.0110  -0.1524  -0.2500    0.638
    12   0.2005   0.0735   0.0011   0.0286   0.0124   0.3897   0.3890   0.0135   0.0110  -0.1503  -0.2469    0.636
    13   0.2159   0.0720   0.0011   0.0277   0.0117   0.3848   0.3841   0.0134   0.0110  -0.1482  -0.2436    0.636
    14   0.2312   0.0706   0.0011   0.0268   0.0109   0.3798   0.3792   0.0132   0.0110  -0.1461  -0.2403    0.635
    15   0.2466   0.0691   0.0011   0.0258   0.0101   0.3743   0.3738   0.0130   0.0110  -0.1440  -0.2370    0.635
    16   0.2621   0.0678   0.0010   0.0249   0.0095   0.3684   0.3679   0.0128   0.0110  -0.1419  -0.2333    0.636
    17   0.2774   0.0664   0.0010   0.0240   0.0088   0.3622   0.3617   0.0126   0.0110  -0.1396  -0.2295    0.636
    18   0.2929   0.0651   0.0010   0.0231   0.0082   0.3556   0.3552   0.0125   0.0110  -0.1374  -0.2257    0.637
    19   0.3083   0.0638   0.0010   0.0222   0.0078   0.3488   0.3483   0.0124   0.0110  -0.1351  -0.2217    0.638
    20   0.3236   0.0625   0.0009   0.0213   0.0073   0.3416   0.3412   0.0123   0.0110  -0.1328  -0.2176    0.639
    21   0.3388   0.0611   0.0009   0.0204   0.0069   0.3345   0.3340   0.0122   0.0110  -0.1304  -0.2134    0.641
    22   0.3540   0.0597   0.0009   0.0195   0.0066   0.3272   0.3267   0.0121   0.0110  -0.1282  -0.2093    0.642
    23   0.3691   0.0583   0.0009   0.0186   0.0063   0.3196   0.3191   0.0120   0.0110  -0.1258  -0.2051    0.644
    24   0.3841   0.0568   0.0009   0.0177   0.0060   0.3124   0.3117   0.0119   0.0110  -0.1235  -0.2007    0.646
    25   0.3990   0.0551   0.0008   0.0168   0.0057   0.3053   0.3046   0.0119   0.0110  -0.1214  -0.1968    0.648
    26   0.4138   0.0535   0.0008   0.0159   0.0056   0.2976   0.2969   0.0118   0.0110  -0.1191  -0.1926    0.651
    27   0.4285   0.0515   0.0008   0.0149   0.0053   0.2911   0.2899   0.0117   0.0110  -0.1169  -0.1882    0.653
    28   0.4432   0.0492   0.0007   0.0140   0.0050   0.2846   0.2834   0.0117   0.0110  -0.1150  -0.1847    0.656
    29   0.4576   0.0470   0.0007   0.0130   0.0051   0.2771   0.2759   0.0117   0.0110  -0.1128  -0.1806    0.659
    30   0.4720   0.0443   0.0006   0.0119   0.0049   0.2716   0.2693   0.0116   0.0110  -0.1108  -0.1760    0.662
    31   0.4864   0.0412   0.0006   0.0108   0.0047   0.2656   0.2634   0.0116   0.0110  -0.1091  -0.1729    0.664
    32   0.5006   0.0380   0.0005   0.0097   0.0052   0.2571   0.2549   0.0117   0.0110  -0.1069  -0.1686    0.670
    33   0.5148   0.0342   0.0005   0.0084   0.0060   0.2507   0.2463   0.0117   0.0110  -0.1049  -0.1625    0.676
    34   0.5291   0.0297   0.0004   0.0070   0.0080   0.2382   0.2340   0.0120   0.0111  -0.1025  -0.1571    0.688
    35   0.5431   0.0253   0.0004   0.0051   0.0193   0.2043   0.2007   0.0127   0.0111  -0.0950  -0.1417    0.723

  Surface # 2     Main (YDUP)                             
     # Chordwise = 10   # Spanwise = 35     First strip = 36
     Surface area =    0.036022       Ave. chord =    0.065495
     CLsurf  =   0.18000     Clsurf  =   0.03637
     CYsurf  =  -0.00035     Cmsurf  =   0.01018
     CDsurf  =   0.00683     Cnsurf  =  -0.00217
     CDisurf =   0.00131     CDvsurf =   0.00552

  Forces referred to Ssurf, Cave about hinge axis thru LE
     CLsurf  =   0.35978     CDsurf  =   0.01365
     Deflect =

 Strip Forces referred to Strip Area, Chord
    j      Yle    Chord     Area     c cl      ai      cl_norm  cl       cd       cdv    cm_c/4    cm_LE  C.P.x/c
    36  -0.0074   0.0925   0.0014   0.0368   0.0279   0.3983   0.3982   0.0163   0.0110  -0.1627   0.2620    0.659
    37  -0.0222   0.0919   0.0014   0.0366   0.0270   0.3993   0.3991   0.0162   0.0110  -0.1627   0.2622    0.658
    38  -0.0385   0.0907   0.0016   0.0363   0.0258   0.4010   0.4004   0.0161   0.0110  -0.1625   0.2619    0.656
    39  -0.0563   0.0890   0.0016   0.0358   0.0241   0.4025   0.4018   0.0158   0.0110  -0.1620   0.2618    0.653
    40  -0.0751   0.0871   0.0017   0.0351   0.0224   0.4037   0.4028   0.0156   0.0110  -0.1613   0.2611    0.650
    41  -0.0950   0.0849   0.0017   0.0342   0.0205   0.4042   0.4033   0.0153   0.0110  -0.1603   0.2602    0.647
    42  -0.1121   0.0830   0.0012   0.0334   0.0191   0.4036   0.4027   0.0150   0.0110  -0.1591   0.2589    0.645
    43  -0.1265   0.0814   0.0012   0.0326   0.0180   0.4021   0.4012   0.0148   0.0110  -0.1578   0.2572    0.643
    44  -0.1408   0.0798   0.0011   0.0318   0.0170   0.4001   0.3992   0.0145   0.0110  -0.1563   0.2552    0.642
    45  -0.1591   0.0778   0.0018   0.0309   0.0156   0.3976   0.3968   0.0142   0.0110  -0.1546   0.2530    0.640
    46  -0.1816   0.0754   0.0017   0.0297   0.0137   0.3940   0.3933   0.0138   0.0110  -0.1524   0.2500    0.638
    47  -0.2005   0.0735   0.0011   0.0286   0.0124   0.3897   0.3890   0.0135   0.0110  -0.1503   0.2469    0.636
    48  -0.2159   0.0720   0.0011   0.0277   0.0117   0.3848   0.3841   0.0134   0.0110  -0.1482   0.2436    0.636
    49  -0.2312   0.0706   0.0011   0.0268   0.0109   0.3798   0.3792   0.0132   0.0110  -0.1461   0.2403    0.635
    50  -0.2466   0.0691   0.0011   0.0258   0.0101   0.3743   0.3738   0.0130   0.0110  -0.1440   0.2370    0.635
    51  -0.2621   0.0678   0.0010   0.0249   0.0095   0.3684   0.3679   0.0128   0.0110  -0.1419   0.2333    0.636
    52  -0.2774   0.0664   0.0010   0.0240   0.0088   0.3622   0.3617   0.0126   0.0110  -0.1396   0.2295    0.636
    53  -0.2929   0.0651   0.0010   0.0231   0.0082   0.3556   0.3552   0.0125   0.0110  -0.1374   0.2257    0.637
    54  -0.3083   0.0638   0.0010   0.0222   0.0078   0.3488   0.3483   0.0124   0.0110  -0.1351   0.2217    0.638
    55  -0.3236   0.0625   0.0009   0.0213   0.0073   0.3416   0.3412   0.0123   0.0110  -0.1328   0.2176    0.639
    56  -0.3388   0.0611   0.0009   0.0204   0.0069   0.3345   0.3340   0.0122   0.0110  -0.1304   0.2134    0.641
    57  -0.3540   0.0597   0.0009   0.0195   0.0066   0.3272   0.3267   0.0121   0.0110  -0.1282   0.2093    0.642
    58  -0.3691   0.0583   0.0009   0.0186   0.0063   0.3196   0.3191   0.0120   0.0110  -0.1258   0.2051    0.644
    59  -0.3841   0.0568   0.0009   0.0177   0.0060   0.3124   0.3117   0.0119   0.0110  -0.1235   0.2007    0.646
    60  -0.3990   0.0551   0.0008   0.0168   0.0057   0.3053   0.3046   0.0119   0.0110  -0.1214   0.1968    0.648
    61  -0.4138   0.0535   0.0008   0.0159   0.0056   0.2976   0.2969   0.0118   0.0110  -0.1191   0.1926    0.651
    62  -0.4285   0.0515   0.0008   0.0149   0.0053   0.2911   0.2899   0.0117   0.0110  -0.1169   0.1882    0.653
    63  -0.4432   0.0492   0.0007   0.0140   0.0050   0.2846   0.2834   0.0117   0.0110  -0.1150   0.1847    0.656
    64  -0.4576   0.0470   0.0007   0.0130   0.0051   0.2771   0.2759   0.0117   0.0110  -0.1128   0.1806    0.659
    65  -0.4720   0.0443   0.0006   0.0119   0.0049   0.2716   0.2693   0.0116   0.0110  -0.1108   0.1760    0.662
    66  -0.4864   0.0412   0.0006   0.0108   0.0047   0.2656   0.2634   0.0116   0.0110  -0.1091   0.1729    0.664
    67  -0.5006   0.0380   0.0005   0.0097   0.0052   0.2571   0.2549   0.0117   0.0110  -0.1069   0.1686    0.670
    68  -0.5148   0.0342   0.0005   0.0084   0.0060   0.2507   0.2463   0.0117   0.0110  -0.1049   0.1625    0.676
    69  -0.5291   0.0297   0.0004   0.0070   0.0080   0.2382   0.2340   0.0120   0.0111  -0.1025   0.1571    0.688
    70  -0.5431   0.0253   0.0004   0.0051   0.0193   0.2043   0.2007   0.0127   0.0111  -0.0950   0.1417    0.723
 ---------------------------------------------------------------
