f7g
 1.0004795     0.0018999
 0.9970058     0.0030824
 0.9907582     0.0051402
 0.9834267     0.0074684
 0.9754372     0.0099257
 0.9670869     0.0123951
 0.9585371     0.0148311
 0.9498925     0.0172071
 0.9411888     0.0195138
 0.9324416     0.0217503
 0.9236602     0.0239168
 0.9148475     0.0260152
 0.9060062     0.0280476
 0.8971382     0.0300160
 0.8882434     0.0319230
 0.8793249     0.0337708
 0.8703851     0.0355605
 0.8614219     0.0372947
 0.8524358     0.0389764
 0.8434288     0.0406080
 0.8344018     0.0421916
 0.8253554     0.0437300
 0.8162913     0.0452254
 0.8072097     0.0466803
 0.7981117     0.0480974
 0.7889980     0.0494777
 0.7798687     0.0508187
 0.7707248     0.0521273
 0.7615674     0.0534098
 0.7523968     0.0546696
 0.7432143     0.0559102
 0.7340218     0.0571344
 0.7248213     0.0583444
 0.7156162     0.0595421
 0.7064137     0.0607277
 0.6972226     0.0618992
 0.6880478     0.0630525
 0.6788893     0.0641840
 0.6697473     0.0652900
 0.6606206     0.0663668
 0.6515084     0.0674112
 0.6424099     0.0684201
 0.6333225     0.0693905
 0.6242453     0.0703201
 0.6151769     0.0712065
 0.6061153     0.0720478
 0.5970590     0.0728424
 0.5880066     0.0735889
 0.5789563     0.0742862
 0.5699068     0.0749338
 0.5608567     0.0755312
 0.5518050     0.0760782
 0.5427506     0.0765749
 0.5336924     0.0770218
 0.5246299     0.0774194
 0.5155625     0.0777682
 0.5064899     0.0780694
 0.4974122     0.0783235
 0.4883285     0.0785318
 0.4792405     0.0786953
 0.4701480     0.0788148
 0.4610529     0.0788914
 0.4519580     0.0789248
 0.4428638     0.0789141
 0.4337703     0.0788587
 0.4246745     0.0787579
 0.4155700     0.0786124
 0.4064536     0.0784249
 0.3973276     0.0781980
 0.3881945     0.0779336
 0.3790564     0.0776329
 0.3699165     0.0772969
 0.3607769     0.0769258
 0.3516397     0.0765197
 0.3425075     0.0760781
 0.3333815     0.0756001
 0.3242630     0.0750847
 0.3151540     0.0745307
 0.3060549     0.0739363
 0.2969660     0.0733001
 0.2878889     0.0726205
 0.2788230     0.0718958
 0.2697685     0.0711242
 0.2607257     0.0703045
 0.2516943     0.0694348
 0.2426738     0.0685142
 0.2336647     0.0675412
 0.2246667     0.0665150
 0.2156795     0.0654347
 0.2067040     0.0642998
 0.1977405     0.0631100
 0.1887902     0.0619331
 0.1798545     0.0605609
 0.1709352     0.0592062
 0.1620350     0.0577875
 0.1531567     0.0563073
 0.1443033     0.0547637
 0.1354800     0.0531551
 0.1266933     0.0514794
 0.1179509     0.0497333
 0.1092607     0.0479129
 0.1006330     0.0460142
 0.0920855     0.0440328
 0.0836291     0.0419595
 0.0752772     0.0397885
 0.0670614     0.0375165
 0.0590215     0.0351400
 0.0512150     0.0326605
 0.0437274     0.0300894
 0.0366802     0.0274556
 0.0302268     0.0248121
 0.0245191     0.0222328
 0.0196524     0.0197949
 0.0156215     0.0175469
 0.0123372     0.0155018
 0.0096736     0.0136538
 0.0075064     0.0119574
 0.0057355     0.0103911
 0.0042857     0.0089291
 0.0031015     0.0075491
 0.0021439     0.0062354
 0.0013849     0.0049745
 0.0008048     0.0037695
 0.0003907     0.0025905
 0.0001288     0.0014767
 0.0000082     0.0004352
 0.0000464    -0.0005418
 0.0003070    -0.0015216
 0.0008049    -0.0024904
 0.0015128    -0.0034143
 0.0024236    -0.0043105
 0.0035380    -0.0051873
 0.0048669    -0.0060627
 0.0064450    -0.0069493
 0.0083271    -0.0078622
 0.0105902    -0.0088267
 0.0133389    -0.0098639
 0.0167242    -0.0109902
 0.0209235    -0.0122273
 0.0260759    -0.0135718
 0.0322229    -0.0149922
 0.0392474    -0.0164434
 0.0469262    -0.0178673
 0.0550423    -0.0192293
 0.0634366    -0.0205144
 0.0720111    -0.0217202
 0.0807076    -0.0228502
 0.0894909    -0.0239096
 0.0983364    -0.0249033
 0.1072314    -0.0258348
 0.1161739    -0.0267099
 0.1251539    -0.0275341
 0.1341641    -0.0283108
 0.1432011    -0.0290434
 0.1522610    -0.0297353
 0.1613398    -0.0303896
 0.1704311    -0.0310085
 0.1795299    -0.0315930
 0.1886346    -0.0321908
 0.1977449    -0.0326624
 0.2068593    -0.0331437
 0.2159779    -0.0335903
 0.2250996    -0.0340021
 0.2342238    -0.0343790
 0.2433505    -0.0347212
 0.2524788    -0.0350287
 0.2616082    -0.0353012
 0.2707381    -0.0355387
 0.2798684    -0.0357407
 0.2889984    -0.0359070
 0.2981271    -0.0360372
 0.3072555    -0.0361306
 0.3163820    -0.0361872
 0.3255066    -0.0362060
 0.3346297    -0.0361867
 0.3437500    -0.0361288
 0.3528676    -0.0360317
 0.3619827    -0.0358948
 0.3710943    -0.0357177
 0.3802020    -0.0354999
 0.3893060    -0.0352408
 0.3984055    -0.0349400
 0.4074996    -0.0345969
 0.4165880    -0.0342110
 0.4256693    -0.0337818
 0.4347411    -0.0333086
 0.4438010    -0.0327901
 0.4528474    -0.0322242
 0.4618787    -0.0316087
 0.4708971    -0.0309404
 0.4799111    -0.0302173
 0.4889290    -0.0294400
 0.4979522    -0.0286109
 0.5069817    -0.0277317
 0.5160180    -0.0268048
 0.5250610    -0.0258324
 0.5341110    -0.0248166
 0.5431679    -0.0237598
 0.5522316    -0.0226641
 0.5613024    -0.0215317
 0.5703803    -0.0203650
 0.5794656    -0.0191660
 0.5885588    -0.0179370
 0.5976602    -0.0166804
 0.6067703    -0.0153982
 0.6158893    -0.0140929
 0.6250185    -0.0127664
 0.6341593    -0.0114215
 0.6433106    -0.0100606
 0.6524777    -0.0086853
 0.6616589    -0.0073010
 0.6708520    -0.0059094
 0.6800565    -0.0045145
 0.6892589    -0.0031230
 0.6984453    -0.0017413
 0.7076087    -0.0003754
 0.7167445     0.0009686
 0.7258483     0.0022837
 0.7349161     0.0035618
 0.7439431     0.0047940
 0.7529238     0.0059696
 0.7618576     0.0070775
 0.7707473     0.0081081
 0.7795957     0.0090520
 0.7884085     0.0099012
 0.7971912     0.0106506
 0.8059499     0.0112959
 0.8146918     0.0118277
 0.8234227     0.0122417
 0.8321491     0.0125360
 0.8408764     0.0127100
 0.8496093     0.0127640
 0.8583517     0.0126992
 0.8671069     0.0125174
 0.8758761     0.0122207
 0.8846628     0.0118115
 0.8934703     0.0112935
 0.9022991     0.0106708
 0.9111483     0.0099476
 0.9200169     0.0091279
 0.9289030     0.0082158
 0.9378053     0.0072153
 0.9467161     0.0061315
 0.9556202     0.0049697
 0.9644904     0.0037395
 0.9732057     0.0024628
 0.9816027     0.0011605
 0.9893488    -0.0000762
 0.9959098    -0.0011547
 0.9995205    -0.0017683
