28.6021 0 0 
28.6009 3.6878 0 
28.5976 7.3406 0 
28.5921 10.9592 0 
28.5843 14.5446 0 
28.5745 18.0976 0 
28.5625 21.6191 0 
28.5484 25.11 0 
28.5322 28.571 0 
28.514 32.0031 0 
28.4938 35.4071 0 
28.4716 38.7838 0 
28.4474 42.134 0 
28.4213 45.4585 0 
28.3933 48.758 0 
28.3634 52.0334 0 
28.3317 55.2854 0 
28.2981 58.5147 0 
28.2628 61.7221 0 
28.2257 64.9084 0 
28.1869 68.0741 0 
28.1464 71.2201 0 
28.1043 74.347 0 
28.0605 77.4555 0 
28.0151 80.5463 0 
27.9682 83.62 0 
27.9197 86.6773 0 
27.8697 89.7188 0 
27.8183 92.7451 0 
27.7654 95.7569 0 
27.7111 98.7547 0 
27.6555 101.7391 0 
27.5985 104.7108 0 
27.5402 107.6703 0 
27.4806 110.6181 0 
27.4197 113.5547 0 
27.3577 116.4808 0 
27.2945 119.3969 0 
27.2301 122.3034 0 
27.1646 125.2008 0 
27.098 128.0897 0 
27.0304 130.9705 0 
26.9618 133.8437 0 
26.8921 136.7097 0 
26.8216 139.569 0 
26.7501 142.422 0 
26.6777 145.2691 0 
26.6044 148.1108 0 
26.5303 150.9475 0 
26.4554 153.7794 0 
26.3798 156.6071 0 
26.3034 159.4308 0 
26.2263 162.251 0 
26.1486 165.0679 0 
26.0702 167.8819 0 
25.9912 170.6933 0 
25.9116 173.5025 0 
25.8315 176.3096 0 
25.7509 179.1151 0 
25.6698 181.9192 0 
25.5882 184.722 0 
25.5062 187.524 0 
25.4238 190.3253 0 
25.3411 193.1262 0 
25.258 195.9268 0 
25.1747 198.7275 0 
25.091 201.5283 0 
25.0072 204.3295 0 
24.9231 207.1312 0 
24.8388 209.9336 0 
24.7545 212.7368 0 
24.6699 215.5411 0 
24.5854 218.3464 0 
24.5007 221.153 0 
24.416 223.9609 0 
24.3314 226.7703 0 
24.2468 229.5812 0 
24.1622 232.3936 0 
24.0778 235.2077 0 
23.9935 238.0234 0 
23.9093 240.8409 0 
23.8254 243.6602 0 
23.7417 246.4812 0 
23.6582 249.304 0 
23.575 252.1285 0 
23.4922 254.9548 0 
23.4097 257.7828 0 
23.3276 260.6125 0 
23.2459 263.4437 0 
23.1647 266.2766 0 
23.084 269.1109 0 
23.0038 271.9466 0 
22.9241 274.7836 0 
22.8451 277.6217 0 
22.7666 280.461 0 
22.6889 283.3011 0 
22.6118 286.1421 0 
22.5355 288.9836 0 
22.46 291.8257 0 
22.3852 294.668 0 
22.3114 297.5104 0 
22.2384 300.3527 0 
22.1664 303.1947 0 
22.0954 306.0362 0 
22.0254 308.8769 0 
21.9564 311.7166 0 
21.8886 314.555 0 
21.8219 317.3919 0 
21.7565 320.2269 0 
21.6923 323.0599 0 
21.6294 325.8904 0 
21.5679 328.7182 0 
21.5078 331.543 0 
21.4491 334.3644 0 
21.3921 337.1821 0 
21.3365 339.9956 0 
21.2827 342.8047 0 
21.2306 345.609 0 
21.1802 348.4081 0 
21.1317 351.2015 0 
21.0851 353.9889 0 
21.0405 356.7698 0 
20.998 359.5438 0 
20.9576 362.3104 0 
20.9195 365.0693 0 
20.8837 367.8198 0 
20.8503 370.5616 0 
20.8193 373.2941 0 
20.791 376.0169 0 
20.7654 378.7293 0 
20.7426 381.431 0 
20.7227 384.1213 0 
20.7058 386.7997 0 
20.6921 389.4657 0 
20.6816 392.1186 0 
20.6746 394.7579 0 
20.6711 397.383 0 
20.6712 399.9933 0 
20.6752 402.5882 0 
20.6832 405.167 0 
20.6953 407.7291 0 
20.7117 410.2738 0 
20.7326 412.8005 0 
20.7582 415.3086 0 
20.7887 417.7972 0 
20.8242 420.2658 0 
20.865 422.7136 0 
20.9113 425.1399 0 
20.9633 427.544 0 
21.0213 429.9251 0 
21.0855 432.2825 0 
21.1561 434.6154 0 
21.2335 436.9231 0 
21.318 439.2047 0 
21.4097 441.4594 0 
21.5091 443.6865 0 
21.6164 445.8851 0 
21.7319 448.0544 0 
21.856 450.1936 0 
21.989 452.3017 0 
22.1312 454.378 0 
22.2831 456.4215 0 
22.4449 458.4314 0 
22.617 460.4067 0 
22.7998 462.3466 0 
22.9935 464.2502 0 
23.1986 466.1164 0 
23.4154 467.9444 0 
23.6441 469.7331 0 
23.8849 471.4817 0 
24.1381 473.1892 0 
24.4039 474.8545 0 
24.6823 476.4767 0 
24.9733 478.0547 0 
25.2767 479.5875 0 
25.5924 481.0741 0 
25.9199 482.5135 0 
26.2585 483.9045 0 
26.6076 485.2462 0 
26.966 486.5374 0 
27.3323 487.777 0 
27.7049 488.964 0 
28.0818 490.0972 0 
28.4606 491.1755 0 
28.8385 492.1978 0 
29.2123 493.1628 0 
29.5785 494.0696 0 
29.9329 494.9168 0 
30.2713 495.7033 0 
30.5891 496.428 0 
30.8813 497.0895 0 
31.143 497.6868 0 
31.369 498.2185 0 
31.5543 498.6834 0 
31.6941 499.0803 0 
31.7838 499.4079 0 
31.8193 499.665 0 
31.797 499.8502 0 
31.7138 499.9623 0 
31.5674 500 0 
