19.16750881372	371.9457853151	0.1487853654333
18.78746950095	371.9457853151	0.2550287311207
18.22884182037	371.9457853151	0.4040373639091
17.57524896508	371.9457853151	0.5715644290356
16.88608643058	371.9457853151	0.7396975055545
16.1820032577	371.9457853151	0.9038117696817
15.47346749585	371.9457853151	1.061776612943
14.76267992324	371.9457853151	1.213560140002
14.05055912558	371.9457853151	1.359404755415
13.33731561207	371.9457853151	1.499705961355
12.62307058499	371.9457853151	1.634852880926
11.90790059316	371.9457853151	1.765247395367
11.19183753191	371.9457853151	1.891278627783
10.47493243378	371.9457853151	2.013182603663
9.757223573165	371.9457853151	2.131386720516
9.038755603546	371.9457853151	2.246267343312
8.319547662122	371.9457853151	2.358156183549
7.599631644228	371.9457853151	2.467365815526
6.87904582427	371.9457853151	2.574170539135
6.157809339448	371.9457853151	2.678851033336
5.435947706031	371.9457853151	2.781630565486
4.713473682155	371.9457853151	2.882745161074
3.990419163156	371.9457853151	2.982411708387
3.266796907168	371.9457853151	3.080808821309
2.542619672326	371.9457853151	3.17812787186
1.817957628371	371.9457853151	3.274521957655
1.092823533435	371.9457853151	3.370105901903
0.367663922231	371.9457853151	3.464886083673
-0.3568003706389	371.9457853151	3.558556307735
-1.080263149945	371.9457853151	3.65064452311
-1.802743552888	371.9457853151	3.740704195087
-2.524241579469	371.9457853151	3.828288788956
-3.244782745956	371.9457853151	3.913009181612
-3.964418084889	371.9457853151	3.994463491817
-4.683179491603	371.9457853151	4.072320008071
-5.401124377704	371.9457853151	4.146278914212
-6.118278259462	371.9457853151	4.216072289414
-6.834717685683	371.9457853151	4.281502382591
-7.550468172637	371.9457853151	4.342390579858
-8.26558713193	371.9457853151	4.398622058005
-8.980119217032	371.9457853151	4.450126647291
-9.694115460481	371.9457853151	4.496866073312
-10.40762051575	371.9457853151	4.538827577935
-11.12067265724	371.9457853151	4.57605581463
-11.83332291749	371.9457853151	4.608589057801
-12.54559043371	371.9457853151	4.636510235322
-13.25753261749	371.9457853151	4.659883137866
-13.96916860604	371.9457853151	4.678816209578
-14.6805302947	371.9457853151	4.693379620197
-15.39164319974	371.9457853151	4.703656297599
-16.10253283742	371.9457853151	4.70965262085
-16.81326937748	371.9457853151	4.711343073681
-17.52401867568	371.9457853151	4.708676623555
-18.23542501782	371.9457853151	4.701742577412
-18.94774994564	371.9457853151	4.690827993282
-19.6609041522	371.9457853151	4.676181654788
-20.37477281431	371.9457853151	4.657963038612
-21.0892283506	371.9457853151	4.636274209832
-21.80416231694	371.9457853151	4.61115344285
-22.51944713198	371.9457853151	4.582594358601
-23.23499348879	371.9457853151	4.55050765014
-23.95070570134	371.9457853151	4.51479763146
-24.66647532549	371.9457853151	4.475330342147
-25.38223219151	371.9457853151	4.431933547384
-26.09788699246	371.9457853151	4.384441391423
-26.81335042138	371.9457853151	4.33266888131
-27.52853955042	371.9457853151	4.276443782231
-28.24335869355	371.9457853151	4.215600238435
-28.95771216476	371.9457853151	4.149985152307
-29.67150427806	371.9457853151	4.079464563434
-30.38463296836	371.9457853151	4.003910890471
-31.09697065431	371.9457853151	3.923234826475
-31.80838975458	371.9457853151	3.837340685438
-32.51874355061	371.9457853151	3.746132781349
-33.22783429131	371.9457853151	3.6495154282
-33.93546422561	371.9457853151	3.547361044644
-34.64138456987	371.9457853151	3.439522912135
-35.34526999167	371.9457853151	3.325784142384
-36.04672498883	371.9457853151	3.205908709901
-36.7451945825	371.9457853151	3.079558524121
-37.43998983341	371.9457853151	2.946274292198
-38.13031335815	371.9457853151	2.805462760875
-38.81508071529	371.9457853151	2.656358442078
-39.492792824	371.9457853151	2.49791516877
-40.16124890608	371.9457853151	2.329399348214
-40.81699150705	371.9457853151	2.149937048191
-41.45415188502	371.9457853151	1.958954152645
-42.06218544174	371.9457853151	1.757152358978
-42.62284804478	371.9457853151	1.548454793573
-43.11103806436	371.9457853151	1.341945248247
-43.50729296617	371.9457853151	1.149437755619
-43.81214859188	371.9457853151	0.9781980733311
-44.0421394839	371.9457853151	0.8284239524681
-44.21663886957	371.9457853151	0.6955798761883
-44.35045256408	371.9457853151	0.5753918694086
-44.45363397747	371.9457853151	0.4639368057467
-44.53230701433	371.9457853151	0.3584716862685
-44.58987171754	371.9457853151	0.2574719138921
-44.62857989785	371.9457853151	0.1588196382779
-44.64928635027	371.9457853151	0.06318466149105
-44.65345188121	371.9457853151	0.006168558067829
-44.65270553033	371.9457853151	-0.01737657929345
-44.6379890221	371.9457853151	-0.09065292523466
-44.60180695244	371.9457853151	-0.1681841090572
-44.54411466788	371.9457853151	-0.2455047836592
-44.4656585193	371.9457853151	-0.3210010450168
-44.36386136352	371.9457853151	-0.3976136431498
-44.23416854648	371.9457853151	-0.4770330308896
-44.0681341831	371.9457853151	-0.5614472283163
-43.85227292513	371.9457853151	-0.6546262641971
-43.56731998936	371.9457853151	-0.7591791770531
-43.19177153996	371.9457853151	-0.876694354639
-42.71563795755	371.9457853151	-1.00428845854
-42.1531636994	371.9457853151	-1.134510738165
-41.53313111711	371.9457853151	-1.260280428822
-40.87953826182	371.9457853151	-1.378082664436
-40.20625960487	371.9457853151	-1.487279538277
-39.52050987137	371.9457853151	-1.588343101327
-38.82621856677	371.9457853151	-1.682026083523
-38.12570767157	371.9457853151	-1.768928117192
-37.42045712937	371.9457853151	-1.849572285852
-36.71149397002	371.9457853151	-1.924730456643
-35.99955178623	371.9457853151	-1.99488743868
-35.28519193595	371.9457853151	-2.060470629472
-34.56888009107	371.9457853151	-2.121862773055
-33.85121588393	371.9457853151	-2.17934454839
-33.13275429338	371.9457853151	-2.233030778689
-32.41369944957	371.9457853151	-2.282953359287
-31.69417893385	371.9457853151	-2.329176080858
-30.97429481129	371.9457853151	-2.371730838739
-30.25409811444	371.9457853151	-2.4106622864
-29.53367177116	371.9457853151	-2.445989561043
-28.813066814	371.9457853151	-2.477738178937
-28.0923534127	371.9457853151	-2.505908140082
-27.37156346259	371.9457853151	-2.530505823546
-26.65077989154	371.9457853151	-2.551505713059
-25.93004097397	371.9457853151	-2.568920566756
-25.20939136334	371.9457853151	-2.582692973032
-24.48890760845	371.9457853151	-2.592822931886
-23.76862798372	371.9457853151	-2.599246652645
-23.04861627982	371.9457853151	-2.60196413531
-22.32893628742	371.9457853151	-2.60090521014
-21.60965817625	371.9457853151	-2.596031602732
-20.89085211607	371.9457853151	-2.587317796816
-20.1725882766	371.9457853151	-2.574680864518
-19.45496234387	371.9457853151	-2.558082531433
-18.7380636248	371.9457853151	-2.53745900689
-18.02198780541	371.9457853151	-2.512733742081
-17.30685608799	371.9457853151	-2.48382380913
-16.5927896748	371.9457853151	-2.450588868557
-15.87990976812	371.9457853151	-2.41285030648
-15.16830567491	371.9457853151	-2.370352960205
-14.45791360447	371.9457853151	-2.322816150772
-13.74789151995	371.9457853151	-2.270067643365
-13.03778650754	371.9457853151	-2.212292430934
-12.32754115566	371.9457853151	-2.149701022701
-11.61709805269	371.9457853151	-2.082535823222
-10.9064444405	371.9457853151	-2.011013720785
-10.19554204468	371.9457853151	-1.935377119947
-9.484365348973	371.9457853151	-1.855855667131
-8.772863320833	371.9457853151	-1.772666250623
-8.060984927723	371.9457853151	-1.686051274982
-7.348659999903	371.9457853151	-1.596227628495
-6.635818367632	371.9457853151	-1.503444094786
-5.922364344902	371.9457853151	-1.407936699345
-5.208189487568	371.9457853151	-1.309954225796
-4.493172593353	371.9457853151	-1.209751836831
-3.777173322774	371.9457853151	-1.10761021141
-3.060019441017	371.9457853151	-1.003797270359
-2.341532334196	371.9457853151	-0.8987276530529
-1.621527009361	371.9457853151	-0.7926820384515
-0.8998376107611	371.9457853151	-0.6861069612651
-0.1765087918685	371.9457853151	-0.579493609675
0.5474962081567	371.9457853151	-0.4735373020156
1.269989369235	371.9457853151	-0.3691948983802
1.989981935935	371.9457853151	-0.2673467100545
2.70700185728	371.9457853151	-0.1689049436608
3.420602598558	371.9457853151	-0.07493490343618
4.130745885365	371.9457853151	0.01337690410366
4.837693259461	371.9457853151	0.09494603751971
5.541891255556	371.9457853151	0.1687901204496
6.243888473437	371.9457853151	0.2340862532131
6.94430368263	371.9457853151	0.2901646337449
7.643781168931	371.9457853151	0.336559590133
8.342946080935	371.9457853151	0.3729649271476
9.042334260295	371.9457853151	0.3992594425102
9.742436895191	371.9457853151	0.4154558943553
10.44362397153	371.9457853151	0.4217073802978
11.14617616826	371.9457853151	0.4182626839621
11.85025934114	371.9457853151	0.4053897261743
12.55600107152	371.9457853151	0.3835286625771
13.26342687566	371.9457853151	0.3532663673612
13.97248572103	371.9457853151	0.3151259240442
14.68310743789	371.9457853151	0.2696112789419
15.39479445898	371.9457853151	0.2172646527737
16.10701094266	371.9457853151	0.1586601615957
16.81533619529	371.9457853151	0.09471639109733
17.51072469946	371.9457853151	0.02694518022596
18.17062007323	371.9457853151	-0.04249096720766
18.72378727221	371.9457853151	-0.1014399280192
19.10689491634	371.9457853151	-0.1442370904567
