21.56971267919	310.6423018031	0.1463632767853
21.14201631134	310.6423018031	0.2729190154015
20.51333696741	310.6423018031	0.4504115004146
19.77778737585	310.6423018031	0.6500734953464
19.00221349097	310.6423018031	0.850367263877
18.20983299251	310.6423018031	1.04580786249
17.41245573923	310.6423018031	1.233810762827
16.61253703306	310.6423018031	1.414289813943
15.81111786459	310.6423018031	1.587503468674
15.00843514893	310.6423018031	1.753904019483
14.20462529173	310.6423018031	1.913900683358
13.39977444394	310.6423018031	2.067938573519
12.59391850179	310.6423018031	2.216448444691
11.78711489924	310.6423018031	2.359674391219
10.97940671177	310.6423018031	2.498097422547
10.17083701485	310.6423018031	2.632148293403
9.361441704695	310.6423018031	2.762200324549
8.5512494983	310.6423018031	2.888626836747
7.740303471135	310.6423018031	3.011750896043
6.928625160934	310.6423018031	3.131917106218
6.11624328468	310.6423018031	3.249419816334
5.303172200864	310.6423018031	3.364574913192
4.489440626467	310.6423018031	3.477676745853
3.675077278472	310.6423018031	3.589012484137
2.860089336123	310.6423018031	3.698847760123
2.044548591875	310.6423018031	3.807412309667
1.228483762711	310.6423018031	3.91490715164
0.4123902165644	310.6423018031	4.02136818227
-0.402920791829	310.6423018031	4.126479514757
-1.217111837934	310.6423018031	4.229709884939
-2.030190100995	310.6423018031	4.33056392488
-2.842162760259	310.6423018031	4.42855344589
-3.653065711953	310.6423018031	4.523226155508
-4.462942031548	310.6423018031	4.614136940514
-5.271841973763	310.6423018031	4.700912480148
-6.079815793317	310.6423018031	4.783208170626
-6.886906565682	310.6423018031	4.860729662887
-7.693186083312	310.6423018031	4.933261579568
-8.49869742168	310.6423018031	5.000595722549
-9.303490835504	310.6423018031	5.062624403151
-10.10763093799	310.6423018031	5.119261470427
-10.91116798386	310.6423018031	5.170478207396
-11.71414504859	310.6423018031	5.216274614058
-12.51661956614	310.6423018031	5.256700945131
-13.31863461198	310.6423018031	5.291828993068
-14.12023326158	310.6423018031	5.321752088062
-14.92145141117	310.6423018031	5.346570739548
-15.72233213623	310.6423018031	5.366406994699
-16.52290415374	310.6423018031	5.381354183705
-17.32318900143	310.6423018031	5.391527174494
-18.12322975477	310.6423018031	5.396911608574
-18.92309820622	310.6423018031	5.397464410473
-19.72298101616	310.6423018031	5.393120966981
-20.52359610914	310.6423018031	5.383974608291
-21.32525937195	310.6423018031	5.370348400446
-22.12784875743	310.6423018031	5.352536692509
-22.93124221839	310.6423018031	5.330718965617
-23.73528899069	310.6423018031	5.305017266942
-24.53988138564	310.6423018031	5.275474671956
-25.34486863909	310.6423018031	5.242062463678
-26.1501502416	310.6423018031	5.204701670409
-26.9556185045	310.6423018031	5.163270244974
-27.7611513806	310.6423018031	5.117595885485
-28.56666989822	310.6423018031	5.067477573068
-29.3720735479	310.6423018031	5.012743005834
-30.17726182023	310.6423018031	4.953140910191
-30.982141385	310.6423018031	4.888491805004
-31.78660455353	310.6423018031	4.8185946714
-32.59054363715	310.6423018031	4.743262848998
-33.39385094716	310.6423018031	4.662345573644
-34.1964187949	310.6423018031	4.575692081183
-34.99808923696	310.6423018031	4.483194682934
-35.79872586767	310.6423018031	4.384745690216
-36.59815638515	310.6423018031	4.280237414345
-37.39617977053	310.6423018031	4.169547808152
-38.19255192945	310.6423018031	4.052547645216
-38.98700005059	310.6423018031	3.929035906666
-39.77915799244	310.6423018031	3.798797215139
-40.56858782103	310.6423018031	3.661551580063
-41.35465776274	310.6423018031	3.516918501428
-42.13658527984	310.6423018031	3.364373894319
-42.91348014588	310.6423018031	3.203250088909
-43.68412188915	310.6423018031	3.032692754991
-44.4468305662	310.6423018031	2.85146706235
-45.19911497888	310.6423018031	2.658754577004
-45.93709833464	310.6423018031	2.453564563083
-46.65416854843	310.6423018031	2.235236530007
-47.33845832755	310.6423018031	2.004581732511
-47.96943503002	310.6423018031	1.766101557485
-48.51884832505	310.6423018031	1.530177193836
-48.9647943348	310.6423018031	1.31030562299
-49.30788329514	310.6423018031	1.114800411168
-49.56671663098	310.6423018031	0.9438912942238
-49.76309771075	310.6423018031	0.7923158852491
-49.91370392159	310.6423018031	0.6552425520632
-50.02982103734	310.6423018031	0.5281914455116
-50.1183554921	310.6423018031	0.4080036976006
-50.1831481822	310.6423018031	0.2929921856518
-50.22670466428	310.6423018031	0.1805939190432
-50.25000849498	310.6423018031	0.07190014308159
-50.25469654225	310.6423018031	0.007365905821439
-50.25385657054	310.6423018031	-0.01912550985216
-50.23729405131	310.6423018031	-0.1003802097421
-50.19657337117	310.6423018031	-0.1863588531315
-50.13164427541	310.6423018031	-0.2719211002854
-50.0433395565	310.6423018031	-0.3553152153164
-49.92877315777	310.6423018031	-0.4398508303724
-49.78281191873	310.6423018031	-0.5273873700223
-49.59594333917	310.6423018031	-0.6202939852613
-49.35299767348	310.6423018031	-0.7227920724082
-49.03229360043	310.6423018031	-0.8376528202027
-48.60962988364	310.6423018031	-0.9665992475505
-48.07375664551	310.6423018031	-1.106450948722
-47.4407051411	310.6423018031	-1.249009225424
-46.74288966358	310.6423018031	-1.3865707473
-46.00728981731	310.6423018031	-1.515287438793
-45.2495348196	310.6423018031	-1.634491630079
-44.47775157631	310.6423018031	-1.744714585319
-43.69634814413	310.6423018031	-1.846789096985
-42.90794494765	310.6423018031	-1.941382834903
-42.11421475105	310.6423018031	-2.029048600971
-41.31629905436	310.6423018031	-2.110647904642
-40.51503065004	310.6423018031	-2.186733547815
-39.71104849095	310.6423018031	-2.257772181443
-38.90486230352	310.6423018031	-2.324194560254
-38.09715411604	310.6423018031	-2.386316571047
-37.28854852289	310.6423018031	-2.444267440238
-36.47928243916	310.6423018031	-2.498075884811
-35.66948509126	310.6423018031	-2.547806517974
-34.85927134713	310.6423018031	-2.593488056709
-34.04872017846	310.6423018031	-2.635185114224
-33.23790337772	310.6423018031	-2.672890511275
-32.4268855581	310.6423018031	-2.706640144088
-31.61573851206	310.6423018031	-2.736434012664
-30.80451967356	310.6423018031	-2.762257758512
-29.99330083507	310.6423018031	-2.784089843895
-29.18212507205	310.6423018031	-2.801923089568
-28.37105699771	310.6423018031	-2.815685703077
-27.56017558376	310.6423018031	-2.825370505175
-26.74952390565	310.6423018031	-2.830898524164
-25.93917375586	310.6423018031	-2.832248222307
-25.12919692683	310.6423018031	-2.829347807149
-24.31967239026	310.6423018031	-2.822147023973
-23.51067911785	310.6423018031	-2.81059561806
-22.70229608131	310.6423018031	-2.794607438465
-21.89463096931	310.6423018031	-2.774153768206
-21.08777711204	310.6423018031	-2.749141277093
-20.28185655669	310.6423018031	-2.719498172671
-19.47699852965	310.6423018031	-2.685145483241
-18.67333943661	310.6423018031	-2.645932444648
-17.87100850397	310.6423018031	-2.601636500283
-17.07012059967	310.6423018031	-2.551970480329
-16.270596752	310.6423018031	-2.496589781005
-15.47148930056	310.6423018031	-2.435300562684
-14.67228851893	310.6423018031	-2.368325381974
-13.87292261466	310.6423018031	-2.295915512466
-13.07334133303	310.6423018031	-2.218350944732
-12.27351595705	310.6423018031	-2.135897310854
-11.47342494899	310.6423018031	-2.048834601403
-10.67301087488	310.6423018031	-1.957435627707
-9.872237838506	310.6423018031	-1.861966021845
-9.071034047402	310.6423018031	-1.762684236656
-8.269334888363	310.6423018031	-1.659870262709
-7.467054210443	310.6423018031	-1.553789732088
-6.66406996647	310.6423018031	-1.444722635364
-5.860296005498	310.6423018031	-1.332956142354
-5.055560025638	310.6423018031	-1.218763064385
-4.24971844198	310.6423018031	-1.102480825993
-3.442577414897	310.6423018031	-0.9843965969963
-2.633943104763	310.6423018031	-0.8649913868382
-1.823592954969	310.6423018031	-0.7445595445823
-1.011354663623	310.6423018031	-0.6236179759
-0.1972641269548	310.6423018031	-0.5027266619359
0.617580230485	310.6423018031	-0.3826609611974
1.430730286001	310.6423018031	-0.2645192982368
2.241058898059	310.6423018031	-0.149328305152
3.048056340233	310.6423018031	-0.03813615177727
3.85119134836	310.6423018031	0.06777925619903
4.650442384704	310.6423018031	0.1670395036524
5.446096619083	310.6423018031	0.2583666848947
6.238649419432	310.6423018031	0.340590582919
7.028732559349	310.6423018031	0.4127348203455
7.817035246397	310.6423018031	0.4740096801759
8.604282584366	310.6423018031	0.5238480020204
9.391170960062	310.6423018031	0.5618764651161
10.17831778859	310.6423018031	0.5879371260633
10.96626869262	310.6423018031	0.6020371641074
11.75544006836	310.6423018031	0.6043273434028
12.54614062339	310.6423018031	0.5950876545215
13.33857855581	310.6423018031	0.5745980880357
14.13286873355	310.6423018031	0.5433683703717
14.92906141134	310.6423018031	0.5020661713554
15.72709197596	310.6423018031	0.4512801891129
16.52688145571	310.6423018031	0.3915847632793
17.32786986945	310.6423018031	0.3235973089625
18.12945416057	310.6423018031	0.2479567790067
18.92665911196	310.6423018031	0.165775956455
19.7093045536	310.6423018031	0.07889990738559
20.45200467361	310.6423018031	-0.009928896443518
21.07458165893	310.6423018031	-0.08551199243582
21.50575996081	310.6423018031	-0.1404045030701
