6.490436565916	548.7570050369	0.1476541621525
6.361936326836	548.7570050369	0.1792663243426
6.17304994032	548.7570050369	0.2235543838673
5.952055734289	548.7570050369	0.2732623484918
5.719036450542	548.7570050369	0.3231340955368
5.480972237237	548.7570050369	0.3718097999057
5.241405966733	548.7570050369	0.4186774325534
5.001074659923	548.7570050369	0.4637477686393
4.76029726152	548.7570050369	0.5071199396283
4.519140577511	548.7570050369	0.548927557495
4.277645553503	548.7570050369	0.5893106993097
4.035838049876	548.7570050369	0.6284094421425
3.793730996822	548.7570050369	0.6663638630636
3.551339479565	548.7570050369	0.703260163347
3.308678583326	548.7570050369	0.7392405750946
3.065761238297	548.7570050369	0.7744365552492
2.822593909574	548.7570050369	0.8089493903078
2.579189527347	548.7570050369	0.8428868318627
2.335558866776	548.7570050369	0.8763286160924
2.091708392957	548.7570050369	0.9093480140798
1.847648881048	548.7570050369	0.9420053667165
1.603384641114	548.7570050369	0.9743523947671
1.358922138249	548.7570050369	1.006427888805
1.114272147614	548.7570050369	1.038266329339
0.8694325141763	548.7570050369	1.069893576752
0.6244290983178	548.7570050369	1.101326871298
0.3792705201662	548.7570050369	1.132581298202
0.1341033218873	548.7570050369	1.163633152111
-0.1108289779202	548.7570050369	1.194372526402
-0.3554207826955	548.7570050369	1.224631328591
-0.5996807125662	548.7570050369	1.254258706449
-0.8436066125002	548.7570050369	1.283105962777
-1.087207102625	548.7570050369	1.311035175537
-1.330501578227	548.7570050369	1.337917042819
-1.573500814467	548.7570050369	1.363635192903
-1.816219896565	548.7570050369	1.388088339291
-2.058673909747	548.7570050369	1.411185970647
-2.300882249297	548.7570050369	1.432856970918
-2.542857845408	548.7570050369	1.453045309278
-2.784620093366	548.7570050369	1.471703575025
-3.026184078394	548.7570050369	1.488803752745
-3.267564885714	548.7570050369	1.504332912247
-3.508777600551	548.7570050369	1.518278123341
-3.749837308126	548.7570050369	1.530645851121
-3.990759093663	548.7570050369	1.541446870747
-4.231551577289	548.7570050369	1.550700577506
-4.47223415429	548.7570050369	1.558417746557
-4.712811134731	548.7570050369	1.564632858409
-4.953293293771	548.7570050369	1.569356688221
-5.193691406569	548.7570050369	1.572617251409
-5.434014093251	548.7570050369	1.574418858034
-5.67428505917	548.7570050369	1.574759353066
-5.91455818012	548.7570050369	1.573636581473
-6.155051114319	548.7570050369	1.571076403637
-6.395856528136	548.7570050369	1.567169330895
-6.636939941062	548.7570050369	1.562001564521
-6.878264717554	548.7570050369	1.555620515217
-7.119785601945	548.7570050369	1.548064973555
-7.361465958693	548.7570050369	1.539343559663
-7.603266997224	548.7570050369	1.529454118509
-7.845156392061	548.7570050369	1.518375099774
-8.087097507662	548.7570050369	1.506076333013
-8.329060173582	548.7570050369	1.492514717589
-8.571018529438	548.7570050369	1.477638532736
-8.812940249753	548.7570050369	1.461396057692
-9.05479516408	548.7570050369	1.443731261627
-9.296555257006	548.7570050369	1.424590268746
-9.538192513117	548.7570050369	1.403921358284
-9.77967029687	548.7570050369	1.381674964509
-10.02095843782	548.7570050369	1.357812296847
-10.26202245546	548.7570050369	1.332292409694
-10.50281493909	548.7570050369	1.305087287635
-10.74329709813	548.7570050369	1.276166760224
-10.98341936685	548.7570050369	1.245500657015
-11.22311278423	548.7570050369	1.213056652531
-11.46231485435	548.7570050369	1.178798111231
-11.70093506587	548.7570050369	1.142671157318
-11.9388656672	548.7570050369	1.1046154499
-12.17597735643	548.7570050369	1.064542632671
-12.41207833572	548.7570050369	1.022342799008
-12.64693586164	548.7570050369	0.9778586315851
-12.88028055519	548.7570050369	0.9309004875997
-13.11174606098	548.7570050369	0.8812119182618
-13.34082810154	548.7570050369	0.8284502735076
-13.56677888082	548.7570050369	0.7723828098973
-13.78843468163	548.7570050369	0.7127185981314
-14.00380640957	548.7570050369	0.6492766155345
-14.20933179699	548.7570050369	0.5822917605782
-14.39884529777	548.7570050369	0.513067827531
-14.5638603965	548.7570050369	0.4446110858219
-14.69779993596	548.7570050369	0.3808242981292
-14.80084493885	548.7570050369	0.3241081699324
-14.87858340273	548.7570050369	0.2744907166456
-14.93756662443	548.7570050369	0.2305065166116
-14.98280074294	548.7570050369	0.1907030783642
-15.01767562335	548.7570050369	0.1537852277624
-15.04426871636	548.7570050369	0.1188500064614
-15.06372649892	548.7570050369	0.0853672766266
-15.07680754225	548.7570050369	0.0527120790217
-15.08380708569	548.7570050369	0.02094044447481
-15.08521647652	548.7570050369	0.001864102549214
-15.08496433779	548.7570050369	-0.006096585100261
-15.07999483435	548.7570050369	-0.03150010053394
-15.0677779588	548.7570050369	-0.05839489800699
-15.04830078095	548.7570050369	-0.08533710618072
-15.02180897443	548.7570050369	-0.1117427114241
-14.98743837148	548.7570050369	-0.138611648515
-14.94364812431	548.7570050369	-0.1665408612754
-14.88758712579	548.7570050369	-0.1963255564577
-14.81470394867	548.7570050369	-0.2292738383941
-14.71849255178	548.7570050369	-0.2663619365119
-14.59169047779	548.7570050369	-0.3081846396016
-14.43092941194	548.7570050369	-0.3537527880446
-14.2410129202	548.7570050369	-0.4004350879533
-14.03166666131	548.7570050369	-0.4456692064597
-13.81098924496	548.7570050369	-0.4881901398684
-13.58366140032	548.7570050369	-0.5277349742939
-13.35212908855	548.7570050369	-0.5644653371249
-13.11771118914	548.7570050369	-0.5986312120558
-12.88119213367	548.7570050369	-0.6304373271123
-12.6430761996	548.7570050369	-0.6600797901925
-12.40370603699	548.7570050369	-0.6878150500866
-12.16333378458	548.7570050369	-0.7138176643743
-11.92214477509	548.7570050369	-0.7382277101257
-11.68029632586	548.7570050369	-0.7611766442835
-11.43799100987	548.7570050369	-0.7827571332175
-11.19541846994	548.7570050369	-0.8030079675006
-10.95264766708	548.7570050369	-0.8219442323561
-10.70971954689	548.7570050369	-0.8395896331341
-10.46666858989	548.7570050369	-0.8559571000257
-10.22351419135	548.7570050369	-0.8710660283177
-9.980282211675	548.7570050369	-0.8849207280736
-9.736992046137	548.7570050369	-0.8975341294847
-9.493663090025	548.7570050369	-0.9089105426145
-9.250312583594	548.7570050369	-0.9190542775268
-9.006964232196	548.7570050369	-0.9279631791897
-8.763628810988	548.7570050369	-0.9356437126989
-8.52032787029	548.7570050369	-0.9420807928312
-8.277080805389	548.7570050369	-0.9472830397142
-8.03390701157	548.7570050369	-0.9512332130931
-7.790821574057	548.7570050369	-0.9539313129678
-7.547852508264	548.7570050369	-0.9553665641791
-7.305017054445	548.7570050369	-0.9555217264722
-7.062341072983	548.7570050369	-0.9543924897834
-6.819850424261	548.7570050369	-0.9519529937306
-6.577577433755	548.7570050369	-0.9481924631544
-6.335547961847	548.7570050369	-0.9430828826409
-6.093798644081	548.7570050369	-0.9365983918079
-5.852368271028	548.7570050369	-0.9287045101457
-5.611299943325	548.7570050369	-0.9193559819856
-5.370630296514	548.7570050369	-0.9084881563721
-5.130395966137	548.7570050369	-0.896032072286
-4.89056893678	548.7570050369	-0.8818907532942
-4.650869054301	548.7570050369	-0.8660189437278
-4.411141156409	548.7570050369	-0.848470519383
-4.171368002847	548.7570050369	-0.8293101312153
-3.931528043298	548.7570050369	-0.8086067402438
-3.691616967699	548.7570050369	-0.7864357725834
-3.451624000889	548.7570050369	-0.762866189253
-3.211540522741	548.7570050369	-0.7379691063038
-2.971344982937	548.7570050369	-0.7118156397867
-2.731024451286	548.7570050369	-0.6844790607847
-2.490555222438	548.7570050369	-0.6560304853486
-2.249913591041	548.7570050369	-0.626549649657
-2.009062921555	548.7570050369	-0.5961141348564
-1.767973043534	548.7570050369	-0.5648079871888
-1.526596546277	548.7570050369	-0.5327109428328
-1.284890329148	548.7570050369	-0.499926443317
-1.042796206285	548.7570050369	-0.4665385348835
-0.800251681766	548.7570050369	-0.4326916046662
-0.5571964146989	548.7570050369	-0.3984783190346
-0.3135743742555	548.7570050369	-0.3640495302181
-0.06940064565882	548.7570050369	-0.3295690206373
0.1750015163138	548.7570050369	-0.2952695337318
0.4188929357383	548.7570050369	-0.2614635491196
0.6619395826781	548.7570050369	-0.2284312209412
0.9039819847763	548.7570050369	-0.1964570134005
1.144867134772	548.7570050369	-0.1658749564341
1.384584257505	548.7570050369	-0.1370535604883
1.623226019346	548.7570050369	-0.1103268554994
1.860934652396	548.7570050369	-0.0859987009583
2.097897644427	548.7570050369	-0.06432339062305
2.334330498622	548.7570050369	-0.04550565251931
2.570442253073	548.7570050369	-0.0296834086854
2.806450565994	548.7570050369	-0.01694501542713
3.042532149999	548.7570050369	-0.007324953254078
3.278852942538	548.7570050369	-0.000805981911452
3.515540090492	548.7570050369	0.002665774396968
3.752684105198	548.7570050369	0.003178671976983
3.99034748258	548.7570050369	0.00082753222994
4.22856901321	548.7570050369	-0.004241102678443
4.467357317216	548.7570050369	-0.01183543491362
4.706695154344	548.7570050369	-0.02177659683215
4.946560974275	548.7570050369	-0.03389865098166
5.186784529493	548.7570050369	-0.04802057468686
5.427186952354	548.7570050369	-0.0639505701132
5.666272650756	548.7570050369	-0.0814063280885
5.900992254632	548.7570050369	-0.0999309818608
6.123729881429	548.7570050369	-0.1189318976717
6.310441840809	548.7570050369	-0.1349545594675
6.439754526896	548.7570050369	-0.1465594059733
