26.30382897343	127.2131550511	0.1485494008032
25.78225571629	127.2131550511	0.3265337686306
25.01558076317	127.2131550511	0.5759867967254
24.11857597093	127.2131550511	0.8572562050005
23.17276096419	127.2131550511	1.138980883438
22.20645880015	127.2131550511	1.413605098384
21.2340542649	127.2131550511	1.67735536061
20.25855039047	127.2131550511	1.930030300622
19.28121668019	127.2131550511	2.171875063891
18.30235081072	127.2131550511	2.403388696557
17.32210162036	127.2131550511	2.625061489563
16.34058292667	127.2131550511	2.837392489049
15.35783850562	127.2131550511	3.040836965177
14.37394715397	127.2131550511	3.235605042637
13.3889438925	127.2131550511	3.422335850696
12.40289876278	127.2131550511	3.601563456274
11.41583803038	127.2131550511	3.77376939512
10.42780547129	127.2131550511	3.939443958177
9.438853616685	127.2131550511	4.099077436391
8.449008732144	127.2131550511	4.253168875899
7.458305838452	127.2131550511	4.402217322841
6.466762445998	127.2131550511	4.546800620116
5.474413575565	127.2131550511	4.687452834645
4.48130300313	127.2131550511	4.824743054129
3.487421973497	127.2131550511	4.959222855882
2.492866793817	127.2131550511	5.091400041237
1.49767248487	127.2131550511	5.221686104381
0.5024431551419	127.2131550511	5.350273659611
-0.4918318582849	127.2131550511	5.47687378548
-1.484741061225	127.2131550511	5.600847352721
-2.476293208874	127.2131550511	5.721625273631
-3.466497056428	127.2131550511	5.838603439725
-4.455396379863	127.2131550511	5.951247784084
-5.443043710352	127.2131550511	6.058989219004
-6.429500334262	127.2131550511	6.161398739909
-7.414827537963	127.2131550511	6.258038587028
-8.399077852627	127.2131550511	6.348567307739
-9.382338830207	127.2131550511	6.432722246179
-10.36466300188	127.2131550511	6.510275767268
-11.346111654	127.2131550511	6.581105298269
-12.32677233854	127.2131550511	6.645123287229
-13.30668007627	127.2131550511	6.702338489342
-14.28592241915	127.2131550511	6.752794680585
-15.26454314316	127.2131550511	6.796570657718
-16.24260353465	127.2131550511	6.833815259063
-17.22015612482	127.2131550511	6.864686078137
-18.19724468962	127.2131550511	6.889331953263
-19.17392176024	127.2131550511	6.907989274717
-20.15022235746	127.2131550511	6.920798125626
-21.12617274685	127.2131550511	6.927933609899
-22.1018342148	127.2131550511	6.929351951558
-23.07727680287	127.2131550511	6.924939333063
-24.05272814613	127.2131550511	6.914573181678
-25.02909002971	127.2131550511	6.898332294162
-26.00671266144	127.2131550511	6.87664567509
-26.98547346857	127.2131550511	6.849898553062
-27.96521485759	127.2131550511	6.818327318353
-28.94576172458	127.2131550511	6.782098319678
-29.92696523124	127.2131550511	6.741229067427
-30.90865027364	127.2131550511	6.695710806404
-31.89069427906	127.2131550511	6.645403453482
-32.87296591956	127.2131550511	6.59014065995
-33.85532511201	127.2131550511	6.529694790724
-34.83765803887	127.2131550511	6.463785679553
-35.81985088261	127.2131550511	6.392150670572
-36.80178107049	127.2131550511	6.314483331943
-37.78333478496	127.2131550511	6.230503497411
-38.76438069809	127.2131550511	6.139948511114
-39.74478748197	127.2131550511	6.042555717188
-40.72443256383	127.2131550511	5.938141256531
-41.70316710538	127.2131550511	5.82647749406
-42.6808072475	127.2131550511	5.707433101844
-43.65718664147	127.2131550511	5.580859241562
-44.63210391781	127.2131550511	5.44660707489
-45.60528766545	127.2131550511	5.304527763507
-46.57647522854	127.2131550511	5.154446203504
-47.54530764406	127.2131550511	4.996090983823
-48.51135590743	127.2131550511	4.829190693406
-49.47406844134	127.2131550511	4.653412634826
-50.4326747886	127.2131550511	4.468292782726
-51.38624689849	127.2131550511	4.273165742253
-52.33368161638	127.2131550511	4.067217280233
-53.27348180387	127.2131550511	3.849379262824
-54.2036075004	127.2131550511	3.618049489262
-55.12102940837	127.2131550511	3.372203601683
-56.02100221186	127.2131550511	3.11057209675
-56.89547113107	127.2131550511	2.832349496483
-57.72996382796	127.2131550511	2.53859517953
-58.49944919881	127.2131550511	2.235043798894
-59.16945803922	127.2131550511	1.934976986038
-59.71329575834	127.2131550511	1.655563679194
-60.13169779258	127.2131550511	1.407625299908
-60.4473400981	127.2131550511	1.191021765053
-60.686838469	127.2131550511	0.9989853085663
-60.87049620346	127.2131550511	0.8255623975562
-61.01210273429	127.2131550511	0.6650096238231
-61.12007180429	127.2131550511	0.5132995974709
-61.19908744302	127.2131550511	0.3683923579652
-61.25220521367	127.2131550511	0.2266544992039
-61.28062457803	127.2131550511	0.0895481388233
-61.28634172064	127.2131550511	0.009972167590902
-61.28531736277	127.2131550511	-0.02444450563108
-61.26511912693	127.2131550511	-0.1140539308224
-61.21545965847	127.2131550511	-0.2171726225569
-61.13627767103	127.2131550511	-0.3165703562351
-61.02858876728	127.2131550511	-0.4129212819049
-60.88886460347	127.2131550511	-0.5102702998533
-60.71086272525	127.2131550511	-0.6107361673736
-60.48297374349	127.2131550511	-0.7169366878983
-60.18669793025	127.2131550511	-0.8338623228206
-59.79559459535	127.2131550511	-0.9644285522175
-59.28014121981	127.2131550511	-1.11050898791
-58.62663592277	127.2131550511	-1.26842644782
-57.85461154525	127.2131550511	-1.42881287284
-57.00360654978	127.2131550511	-1.583140702625
-56.10653171598	127.2131550511	-1.727242464151
-55.1824295939	127.2131550511	-1.860303924245
-54.24121981996	127.2131550511	-1.983016743344
-53.28827808414	127.2131550511	-2.096352748141
-52.32680878797	127.2131550511	-2.201047375053
-51.35882562641	127.2131550511	-2.297704732562
-50.38574694111	127.2131550511	-2.387357933731
-49.40858833475	127.2131550511	-2.470646107824
-48.42811150931	127.2131550511	-2.548138342545
-47.44494683888	127.2131550511	-2.620342439228
-46.45992606702	127.2131550511	-2.687678647254
-45.47381089573	127.2131550511	-2.750252028968
-44.48689024646	127.2131550511	-2.808106360347
-43.49933046793	127.2131550511	-2.861285417368
-42.51125413286	127.2131550511	-2.909832976009
-41.52276630361	127.2131550511	-2.953792812246
-40.53395453213	127.2131550511	-2.993147415688
-39.54489761518	127.2131550511	-3.027931807118
-38.55569185991	127.2131550511	-3.058110965754
-37.56638979748	127.2131550511	-3.083649870813
-36.57708773506	127.2131550511	-3.104495991124
-35.5878382038	127.2131550511	-3.120605550709
-34.59872000048	127.2131550511	-3.131855976832
-33.60982943224	127.2131550511	-3.138212248712
-32.62121903026	127.2131550511	-3.139534283221
-31.63297634648	127.2131550511	-3.135769549188
-30.64519768806	127.2131550511	-3.126804229071
-29.65795309656	127.2131550511	-3.112542015721
-28.67136514472	127.2131550511	-3.09292162277
-27.68552138449	127.2131550511	-3.067829232677
-26.700561899	127.2131550511	-3.037203559075
-25.71658299539	127.2131550511	-3.0009745604
-24.73374226719	127.2131550511	-2.959063439893
-23.75219730791	127.2131550511	-2.911391400795
-22.77211446627	127.2131550511	-2.857800849589
-21.79365133579	127.2131550511	-2.797994109629
-20.81695675478	127.2131550511	-2.731559686732
-19.84190815051	127.2131550511	-2.65803355554
-18.86737610277	127.2131550511	-2.57717057058
-17.89273023749	127.2131550511	-2.489250898106
-16.91788300271	127.2131550511	-2.394659766717
-15.94277311207	127.2131550511	-2.293773649816
-14.96737429999	127.2131550511	-2.186977776002
-13.99163403528	127.2131550511	-2.074639863483
-13.01550854197	127.2131550511	-1.957145140858
-12.03894528889	127.2131550511	-1.834861326335
-11.06185672409	127.2131550511	-1.708129872535
-10.0841640508	127.2131550511	-1.577309742471
-9.10576220668	127.2131550511	-1.442777409545
-8.126511108606	127.2131550511	-1.304865571186
-7.146279428643	127.2131550511	-1.163941945599
-6.164883307689	127.2131550511	-1.020347985407
-5.182138886639	127.2131550511	-0.8744951847955
-4.197818530412	127.2131550511	-0.7267249963852
-3.211659583146	127.2131550511	-0.5776590390519
-2.223416899368	127.2131550511	-0.4276212550262
-1.232871599193	127.2131550511	-0.2772595287697
-0.2400674585975	127.2131550511	-0.1272480103303
0.7536559775175	127.2131550511	0.02141520801347
1.745313187512	127.2131550511	0.1673730709704
2.733538360899	127.2131550511	0.3092685232493
3.717683613217	127.2131550511	0.445656957605
4.697136080787	127.2131550511	0.5748223557337
5.671834477239	127.2131550511	0.6948560850324
6.642164031175	127.2131550511	0.8040158616113
7.60870258549	127.2131550511	0.9006819743164
8.572220597383	127.2131550511	0.9835061230521
9.533576076006	127.2131550511	1.051367642804
10.4936445409	127.2131550511	1.103443545201
11.45328400122	127.2131550511	1.139208518519
12.41322989338	127.2131550511	1.158356130917
13.37415636743	127.2131550511	1.160860116809
14.3365712247	127.2131550511	1.146851804126
15.30085093859	127.2131550511	1.116628869514
16.26724940978	127.2131550511	1.070497744811
17.23590672139	127.2131550511	1.009071293698
18.20688415978	127.2131550511	0.933242546108
19.18011168341	127.2131550511	0.8437381832618
20.15547547471	127.2131550511	0.7412673759888
21.13229262846	127.2131550511	0.6266005814866
22.10985397381	127.2131550511	0.5005520329298
23.08205713957	127.2131550511	0.3646801551043
24.0365135242	127.2131550511	0.221751589765
24.94225600147	127.2131550511	0.075627378095
25.70150654887	127.2131550511	-0.04818859562803
26.22734358619	127.2131550511	-0.1385247020397
