18.32646350167	340.7611376846	-3.350526414723
18.11462362543	340.7611376846	-3.287356799076
17.7336179699	340.7611376846	-3.177439594515
17.28650954058	340.7611376846	-3.053143207244
16.79927599582	340.7611376846	-2.921998718963
16.29003461797	340.7611376846	-2.790134661741
15.76863374466	340.7611376846	-2.659965860157
15.24144582961	340.7611376846	-2.532900961881
14.71066006987	340.7611376846	-2.40939122201
14.17721556387	340.7611376846	-2.28945493467
13.64168552756	340.7611376846	-2.173043315527
13.10424680415	340.7611376846	-2.0600283057
12.56507623685	340.7611376846	-1.950269650228
12.02425919824	340.7611376846	-1.843614898064
11.4818200805	340.7611376846	-1.739899402077
10.9379296288	340.7611376846	-1.638970711221
10.39274639222	340.7611376846	-1.540731256826
9.846136213843	340.7611376846	-1.445016391761
9.29812348584	340.7611376846	-1.35163707673
8.748836267088	340.7611376846	-1.260446958727
8.198341636048	340.7611376846	-1.171299684748
7.646651788803	340.7611376846	-1.084048901788
7.093882588148	340.7611376846	-0.9985665509685
6.540052328209	340.7611376846	-0.9147245734093
5.985221989405	340.7611376846	-0.8323827141482
5.429428159986	340.7611376846	-0.7515531692688
4.872689134079	340.7611376846	-0.6724005859015
4.315059794061	340.7611376846	-0.5945651795763
3.756601120349	340.7611376846	-0.5177664403676
3.197343603153	340.7611376846	-0.4418519172289
2.637360418975	340.7611376846	-0.3666935512811
2.076767430611	340.7611376846	-0.2921998718963
1.515686598899	340.7611376846	-0.2182855064883
0.9543252572605	340.7611376846	-0.144913866806
0.3931224647106	340.7611376846	-0.07209714893314
-0.1673912491089	340.7611376846	0
-0.7269048840631	340.7611376846	0.0711275602771
-1.285424538194	340.7611376846	0.1410599043493
-1.842931917375	340.7611376846	0.2095592085839
-2.399518492236	340.7611376846	0.2763998454321
-2.955208654942	340.7611376846	0.3413866775543
-3.510069483956	340.7611376846	0.4043489597783
-4.064259528365	340.7611376846	0.4650793586809
-4.61781537642	340.7611376846	0.5234498153829
-5.170834596791	340.7611376846	0.5793078788378
-5.723445248357	340.7611376846	0.6325437842922
-6.275738801747	340.7611376846	0.6830477669923
-6.82778233542	340.7611376846	0.7307405523942
-7.379703908257	340.7611376846	0.7755489639954
-7.931570598716	340.7611376846	0.8174181194191
-8.483479975468	340.7611376846	0.8563297245398
-9.03548692089	340.7611376846	0.8922532891483
-9.587658513443	340.7611376846	0.9251888132443
-10.14006183159	340.7611376846	0.9551423948699
-10.69271516945	340.7611376846	0.9821323281507
-11.24568560548	340.7611376846	1.006189103296
-11.79896094361	340.7611376846	1.027355406598
-12.35254728188	340.7611376846	1.045649532184
-12.90649950265	340.7611376846	1.061132460471
-13.46072003727	340.7611376846	1.073852975795
-14.01521498377	340.7611376846	1.083835470323
-14.56986847936	340.7611376846	1.091140924474
-15.12449758278	340.7611376846	1.095757142163
-15.679096196	340.7611376846	1.097659731224
-16.23365212292	340.7611376846	1.096812103405
-16.78834220676	340.7611376846	1.093202062623
-17.34356282024	340.7611376846	1.086860099087
-17.89950910071	340.7611376846	1.07796305601
-18.45604689123	340.7611376846	1.066645090315
-19.01301764273	340.7611376846	1.053009868711
-19.57028719828	340.7611376846	1.037142763787
-20.12766651858	340.7611376846	1.019092559876
-20.68502754476	340.7611376846	0.9988714530616
-21.24224831597	340.7611376846	0.9764916394284
-21.79915808705	340.7611376846	0.9519287268087
-22.35569587758	340.7611376846	0.9251339308676
-22.91176411888	340.7611376846	0.8960523692282
-23.46726524229	340.7611376846	0.8646169634302
-24.02215656151	340.7611376846	0.8307423408874
-24.57642588047	340.7611376846	0.7943492270556
-25.12997563048	340.7611376846	0.7553461513069
-25.6828423998	340.7611376846	0.7136294469297
-26.23501399236	340.7611376846	0.6691320354635
-26.78647211401	340.7611376846	0.6217624462803
-27.33724115693	340.7611376846	0.5714292087523
-27.88733331721	340.7611376846	0.5180713424607
-28.43673639876	340.7611376846	0.4616217689452
-28.9854686957	340.7611376846	0.4020195077871
-29.53353020804	340.7611376846	0.3392279707352
-30.08087824948	340.7611376846	0.2732105695383
-30.62750672198	340.7611376846	0.2039612061547
-31.17331805687	340.7611376846	0.1354862940875
-31.71824517569	340.7611376846	0.0554616907339
-32.26217221564	340.7611376846	-0.02351404941945
-32.8049345296	340.7611376846	-0.1062278892342
-33.3463613724	340.7611376846	-0.1925517698311
-33.88626370472	340.7611376846	-0.2825954559638
-34.42433662449	340.7611376846	-0.3764626143439
-34.96017156289	340.7611376846	-0.4742934999342
-35.4933111668	340.7611376846	-0.5762771520325
-36.02326759285	340.7611376846	-0.6826452962295
-36.54940664469	340.7611376846	-0.7936479522415
-37.070661165	340.7611376846	-0.9095412378267
-37.58636036918	340.7611376846	-1.030849584585
-38.09567492353	340.7611376846	-1.157926678945
-38.59670223898	340.7611376846	-1.290967658246
-39.08699700076	340.7611376846	-1.430173757869
-39.56305893284	340.7611376846	-1.575471801313
-40.01967420941	340.7611376846	-1.726191003971
-40.44943370963	340.7611376846	-1.880660502375
-40.84298303727	340.7611376846	-2.035770295174
-41.19105316871	340.7611376846	-2.187178576563
-41.48783876808	340.7611376846	-2.330378893606
-41.73365083553	340.7611376846	-2.462505166627
-41.93393492245	340.7611376846	-2.582782944311
-42.09637456156	340.7611376846	-2.691626893504
-42.22853132479	340.7611376846	-2.791518917244
-42.33652764617	340.7611376846	-2.883831074949
-42.42494315512	340.7611376846	-2.970081779044
-42.49715616685	340.7611376846	-3.051545520277
-42.55555101572	340.7611376846	-3.129167495137
-42.6018412515	340.7611376846	-3.203734351024
-42.63720989429	340.7611376846	-3.275105832975
-42.66246798369	340.7611376846	-3.344788157331
-42.67843265728	340.7611376846	-3.411086068454
-42.68579299381	340.7611376846	-3.473572703413
-42.68346354182	340.7611376846	-3.533174964571
-42.66757204473	340.7611376846	-3.595411579813
-42.63720989429	340.7611376846	-3.656892037865
-42.59404185595	340.7611376846	-3.715793024209
-42.53850698872	340.7611376846	-3.773157304004
-42.47055650825	340.7611376846	-3.829448328431
-42.38951962995	340.7611376846	-3.885751548942
-42.29329252937	340.7611376846	-3.942926789439
-42.17852128349	340.7611376846	-4.001968030745
-42.04052869419	340.7611376846	-4.064454665704
-41.87291791558	340.7611376846	-4.131740459608
-41.66648700247	340.7611376846	-4.20504502083
-41.41042412664	340.7611376846	-4.285728212705
-41.09624081384	340.7611376846	-4.373625388102
-40.72141247471	340.7611376846	-4.466785173626
-40.29307381825	340.7611376846	-4.562085371844
-39.82482957584	340.7611376846	-4.655812275261
-39.32993079246	340.7611376846	-4.745660824054
-38.81806725661	340.7611376846	-4.830618743274
-38.29521504933	340.7611376846	-4.910503091665
-37.76491713294	340.7611376846	-4.985527300692
-37.22933221425	340.7611376846	-5.056014566573
-36.68994821548	340.7611376846	-5.122269791403
-36.14755178403	340.7611376846	-5.184542994896
-35.6022587827	340.7611376846	-5.243218353692
-35.05467291763	340.7611376846	-5.298625162049
-34.50525154196	340.7611376846	-5.350989047517
-33.95419589106	340.7611376846	-5.400517343519
-33.40174988663	340.7611376846	-5.447423481521
-32.84814525424	340.7611376846	-5.491878206694
-32.29377836661	340.7611376846	-5.534040068127
-31.73895412585	340.7611376846	-5.57390906582
-31.18376400258	340.7611376846	-5.61461959329
-30.62824458504	340.7611376846	-5.647256313335
-30.07246295171	340.7611376846	-5.680490641482
-29.51643129866	340.7611376846	-5.71149918435
-28.96021670435	340.7611376846	-5.740269745854
-28.40384356096	340.7611376846	-5.766808424037
-27.84731186847	340.7611376846	-5.791127414983
-27.2906948034	340.7611376846	-5.81322671869
-26.73400456183	340.7611376846	-5.833112433202
-26.17728383005	340.7611376846	-5.850772362434
-25.6205387061	340.7611376846	-5.866200408344
-25.06381797432	340.7611376846	-5.879396570933
-24.507164321	340.7611376846	-5.890330359992
-23.95054115789	340.7611376846	-5.898995677478
-23.39402775953	340.7611376846	-5.905374229265
-22.83763022397	340.7611376846	-5.909441623187
-22.28132415903	340.7611376846	-5.911179565118
-21.72519493731	340.7611376846	-5.910569760931
-21.16922426468	340.7611376846	-5.907575622377
-20.61341214113	340.7611376846	-5.902184953371
-20.05780735101	340.7611376846	-5.894373361746
-19.50244648257	340.7611376846	-5.884098161209
-18.94729904559	340.7611376846	-5.871341057634
-18.39243821657	340.7611376846	-5.85606546277
-17.83790058378	340.7611376846	-5.838240886408
-17.28371663741	340.7611376846	-5.817818544212
-16.72996565202	340.7611376846	-5.794767945974
-16.17678788256	340.7611376846	-5.769034209317
-15.62434187812	340.7611376846	-5.740525863613
-15.07271301129	340.7611376846	-5.709151438233
-14.52201104683	340.7611376846	-5.6747828743
-13.97208963172	340.7611376846	-5.637243328598
-13.4224426285	340.7611376846	-5.596429134416
-12.87255170361	340.7611376846	-5.552364683922
-12.32234368053	340.7611376846	-5.505178035995
-11.77175148082	340.7611376846	-5.454960661262
-11.22073851622	340.7611376846	-5.401834520561
-10.66932308086	340.7611376846	-5.34592157473
-10.11748078257	340.7611376846	-5.287337686562
-9.565211621349	340.7611376846	-5.226210914939
-9.01252779328	340.7611376846	-5.162657122654
-8.459417102281	340.7611376846	-5.096798270546
-7.90587345031	340.7611376846	-5.028756319451
-7.351878543241	340.7611376846	-4.958659328248
-6.797401890864	340.7611376846	-4.886629257776
-6.242419101014	340.7611376846	-4.812800264954
-5.686917977605	340.7611376846	-4.737306506704
-5.130868030428	340.7611376846	-4.660276041904
-4.57418998494	340.7611376846	-4.581836929435
-4.016816762679	340.7611376846	-4.502147718383
-3.458791049939	340.7611376846	-4.421366957839
-2.899807944627	340.7611376846	-4.339586118429
-2.339971113454	340.7611376846	-4.257122298331
-1.779396419216	340.7611376846	-4.174091360339
-1.218132646248	340.7611376846	-4.090743324171
-0.6570030302002	340.7611376846	-4.007468464505
-0.09683690476684	340.7611376846	-3.92465705602
0.4619205729964	340.7611376846	-3.842674981229
1.018994991206	340.7611376846	-3.761869828517
1.574111937978	340.7611376846	-3.682656264731
2.127039687721	340.7611376846	-3.605461152802
2.677479436384	340.7611376846	-3.530796728245
3.225095791666	340.7611376846	-3.459248403079
3.769852165314	340.7611376846	-3.391413785407
4.311919302502	340.7611376846	-3.327835600955
4.8514679484	340.7611376846	-3.269001693072
5.388845691395	340.7611376846	-3.215338924687
5.924381825749	340.7611376846	-3.167097315518
6.458466626139	340.7611376846	-3.124520787238
6.991514759412	340.7611376846	-3.088133771448
7.523904304165	340.7611376846	-3.058155797655
8.056013338991	340.7611376846	-3.034678336487
8.588177256195	340.7611376846	-3.017713584027
9.120676565701	340.7611376846	-3.007231050066
9.653767385268	340.7611376846	-3.003145362019
10.18762655811	340.7611376846	-3.005340657089
10.72234555485	340.7611376846	-3.013682778356
11.25812561088	340.7611376846	-3.02800707869
11.79518015766	340.7611376846	-3.048100126625
12.33353968539	340.7611376846	-3.073718000486
12.87313101758	340.7611376846	-3.104598484475
13.41391146794	340.7611376846	-3.140503754958
13.95575907562	340.7611376846	-3.181195988302
14.49858846804	340.7611376846	-3.22641906675
15.0419483901	340.7611376846	-3.275886382334
15.58488144923	340.7611376846	-3.329286934918
16.1257655663	340.7611376846	-3.386108488987
16.65719771848	340.7611376846	-3.445271691132
17.16921370537	340.7611376846	-3.505813050736
17.64154973387	340.7611376846	-3.563232212908
18.04161786826	340.7611376846	-3.613205665966
18.26178766968	340.7611376846	-3.641628639084
