9.857082481604	521.0237367537	-1.620376666111
9.743202818077	521.0237367537	-1.591356226994
9.538391789931	521.0237367537	-1.540878489397
9.298045797717	521.0237367537	-1.483846903761
9.036131091606	521.0237367537	-1.423715348002
8.762386689785	521.0237367537	-1.363229884449
8.482104824545	521.0237367537	-1.303488282649
8.19871315841	521.0237367537	-1.245122988937
7.913388107104	521.0237367537	-1.188317511058
7.626634316925	521.0237367537	-1.133055464392
7.338759818732	521.0237367537	-1.079304079699
7.049856366396	521.0237367537	-1.026974880031
6.760025544563	521.0237367537	-0.9759892192108
6.469309953244	521.0237367537	-0.9262553433661
6.177722700137	521.0237367537	-0.8776749447763
5.885358816037	521.0237367537	-0.8301529926448
5.59229694712	521.0237367537	-0.7836305023392
5.298465001059	521.0237367537	-0.738012443063
5.003882639398	521.0237367537	-0.6931906763236
4.70861867754	521.0237367537	-0.6490832790205
4.412702607803	521.0237367537	-0.6056214357492
4.116147537881	521.0237367537	-0.5627166695612
3.819012452409	521.0237367537	-0.5203099958242
3.521303905232	521.0237367537	-0.4783457068298
3.223057942517	521.0237367537	-0.4367680948698
2.924300779655	521.0237367537	-0.3956099291842
2.625029139721	521.0237367537	-0.3549760713418
2.325282345805	521.0237367537	-0.3147059520656
2.025089890222	521.0237367537	-0.2746947097869
1.724468157592	521.0237367537	-0.2348964675694
1.423456471004	521.0237367537	-0.1952850100211
1.122117092015	521.0237367537	-0.1558472294458
0.8205155591033	521.0237367537	-0.1165798489195
0.518766564611	521.0237367537	-0.07747959151825
0.2170994932192	521.0237367537	-0.03858905725423
-0.08419400883431	521.0237367537	0
-0.3849500953486	521.0237367537	0.03814011866355
-0.6851720432478	521.0237367537	0.07571005254769
-0.9848500217597	521.0237367537	0.1125787246917
-1.284029907821	521.0237367537	0.1486281658307
-1.582731362975	521.0237367537	0.1837436836242
-1.880987156462	521.0237367537	0.2178433549717
-2.178875934459	521.0237367537	0.2508157644564
-2.476430466207	521.0237367537	0.2825855428259
-2.773693351716	521.0237367537	0.3130740439038
-3.070736683316	521.0237367537	0.3422190061337
-3.367606337943	521.0237367537	0.3699647218072
-3.66434491561	521.0237367537	0.3962620370641
-3.961011400948	521.0237367537	0.4210683518921
-4.257654947818	521.0237367537	0.4443574508991
-4.554318156231	521.0237367537	0.4661031186928
-4.851037072354	521.0237367537	0.4862955245013
-5.147837911576	521.0237367537	0.5049215606284
-5.444766550836	521.0237367537	0.5219812270742
-5.74182954398	521.0237367537	0.5374745238386
-6.039062937174	521.0237367537	0.5514080047697
-6.336460176568	521.0237367537	0.5637980544877
-6.634021262163	521.0237367537	0.5746512268404
-6.931782240124	521.0237367537	0.5839839064481
-7.229684125817	521.0237367537	0.5918124779308
-7.527733473091	521.0237367537	0.5981467720606
-7.82586802039	521.0237367537	0.6030130042296
-8.123992736916	521.0237367537	0.6064046205899
-8.422094514975	521.0237367537	0.6083248980653
-8.720176631489	521.0237367537	0.6087640058839
-9.018330840332	521.0237367537	0.6077153901977
-9.316770141565	521.0237367537	0.6052085433227
-9.615599396755	521.0237367537	0.6013221114355
-9.914743236652	521.0237367537	0.5961281868645
-10.21411973815	521.0237367537	0.5896792003941
-10.51365680893	521.0237367537	0.5820177520364
-10.81325614127	521.0237367537	0.5731700571836
-11.11284236591	521.0237367537	0.5631459466078
-11.4123532213	521.0237367537	0.551948697233
-11.71169695356	521.0237367537	0.5395717552111
-12.01083751653	521.0237367537	0.5259856282261
-12.3097323102	521.0237367537	0.5111739316577
-12.60831579609	521.0237367537	0.4951038962658
-12.9065748665	521.0237367537	0.4777329220382
-13.20449313682	521.0237367537	0.4590216858866
-13.50203128394	521.0237367537	0.4389341416467
-13.79919913866	521.0237367537	0.4174211354584
-14.09599342403	521.0237367537	0.3944433442333
-14.39240430929	521.0237367537	0.3699581679592
-14.68844162522	521.0237367537	0.3439328373959
-14.9841184795	521.0237367537	0.3163247525312
-15.27942176445	521.0237367537	0.2871076979729
-15.57436458775	521.0237367537	0.2562554583288
-15.86895022634	521.0237367537	0.2237418182069
-16.16315246481	521.0237367537	0.1895536699109
-16.45696147241	521.0237367537	0.153694290365
-16.75033464911	521.0237367537	0.1182445263215
-17.04323267182	521.0237367537	0.07677832977807
-17.335593279	521.0237367537	0.035869210318
-17.62732471676	521.0237367537	-0.006953632769486
-17.91833850817	521.0237367537	-0.05164432254811
-18.20853306857	521.0237367537	-0.0982552898022
-18.49774455176	521.0237367537	-0.1468455191641
-18.78575340384	521.0237367537	-0.1974936568103
-19.0723138555	521.0237367537	-0.2502947335373
-19.3571604759	521.0237367537	-0.3053732724579
-19.63995901879	521.0237367537	-0.3628603505329
-19.92012946861	521.0237367537	-0.422893598571
-20.19731136373	521.0237367537	-0.4857351704939
-20.47106559632	521.0237367537	-0.5515652971227
-20.74035993532	521.0237367537	-0.6204921169499
-21.00389016497	521.0237367537	-0.6926172146202
-21.25976877704	521.0237367537	-0.7679012670454
-21.50519400149	521.0237367537	-0.8460034741273
-21.73618765255	521.0237367537	-0.926062004849
-21.94771309801	521.0237367537	-1.006461335669
-22.13479596721	521.0237367537	-1.084956773633
-22.29431662848	521.0237367537	-1.159228256536
-22.4264356511	521.0237367537	-1.227778230101
-22.53408588207	521.0237367537	-1.290206909597
-22.62139296872	521.0237367537	-1.346773172023
-22.69242685069	521.0237367537	-1.398673094645
-22.75047428278	521.0237367537	-1.446660369987
-22.79799623491	521.0237367537	-1.491537844435
-22.83681139992	521.0237367537	-1.533947795096
-22.86819777818	521.0237367537	-1.574381760573
-22.89307618533	521.0237367537	-1.613262464065
-22.9120888985	521.0237367537	-1.650527644015
-22.92566519471	521.0237367537	-1.686822854456
-22.93424418179	521.0237367537	-1.721607402923
-22.93819942908	521.0237367537	-1.754651904736
-22.93694764411	521.0237367537	-1.786700221648
-22.92841125704	521.0237367537	-1.821458554723
-22.91209872927	521.0237367537	-1.855781056904
-22.88890793798	521.0237367537	-1.888809174097
-22.85906826786	521.0237367537	-1.921103260309
-22.82256333428	521.0237367537	-1.952882869451
-22.77902612176	521.0237367537	-1.984728017073
-22.7273260915	521.0237367537	-2.017146626398
-22.66566421223	521.0237367537	-2.050725266827
-22.59152380628	521.0237367537	-2.086322492451
-22.50147393423	521.0237367537	-2.124718211188
-22.39056971771	521.0237367537	-2.166675946335
-22.25299789352	521.0237367537	-2.212959221187
-22.08420026035	521.0237367537	-2.263509051112
-21.88282344857	521.0237367537	-2.317257158881
-21.65269490545	521.0237367537	-2.372332420878
-21.4011287254	521.0237367537	-2.42663760573
-21.13524238737	521.0237367537	-2.478825897665
-20.86023964673	521.0237367537	-2.528287788816
-20.579331889	521.0237367537	-2.574908586842
-20.29442956089	521.0237367537	-2.618796430236
-20.00668286274	521.0237367537	-2.660131549819
-19.71689791784	521.0237367537	-2.699077791791
-19.4254974494	521.0237367537	-2.735792448506
-19.13253388821	521.0237367537	-2.770488520025
-18.83834475743	521.0237367537	-2.803349514093
-18.54316927252	521.0237367537	-2.834496676899
-18.24711229505	521.0237367537	-2.864047977707
-17.9503081789	521.0237367537	-2.892114831935
-17.65288472411	521.0237367537	-2.918792270378
-17.35505165383	521.0237367537	-2.944158939213
-17.05697281424	521.0237367537	-2.968201730745
-16.75870063613	521.0237367537	-2.992706568563
-16.4602482272	521.0237367537	-3.012679420462
-16.16165818746	521.0237367537	-3.032986518611
-15.86293051692	521.0237367537	-3.052028724089
-15.56410781557	521.0237367537	-3.069815867667
-15.26519663728	521.0237367537	-3.086347949345
-14.96620681281	521.0237367537	-3.101634799897
-14.66716455756	521.0237367537	-3.115682973168
-14.36808625615	521.0237367537	-3.128492469161
-14.06899157011	521.0237367537	-3.140066564798
-13.7698870533	521.0237367537	-3.15040526008
-13.47079236726	521.0237367537	-3.15951183193
-13.17173700432	521.0237367537	-3.167383003425
-12.87269474906	521.0237367537	-3.174012220716
-12.57371475537	521.0237367537	-3.179402760729
-12.2747937463	521.0237367537	-3.183544792689
-11.97592844495	521.0237367537	-3.186435039675
-11.67715162054	521.0237367537	-3.188066947836
-11.37846327308	521.0237367537	-3.188427409478
-11.07986012565	521.0237367537	-3.187513147677
-10.78137167056	521.0237367537	-3.185311054736
-10.4830110155	521.0237367537	-3.181804746035
-10.18476505279	521.0237367537	-3.176981113878
-9.886673105501	521.0237367537	-3.170823773645
-9.588758112111	521.0237367537	-3.163309786869
-9.291033180315	521.0237367537	-3.154409661231
-8.9935376332	521.0237367537	-3.14410373519
-8.696356670791	521.0237367537	-3.132352685656
-8.399562385416	521.0237367537	-3.119117189541
-8.103210484784	521.0237367537	-3.104348092985
-7.807356676603	521.0237367537	-3.087986411355
-7.511922314697	521.0237367537	-3.069953498476
-7.216635414371	521.0237367537	-3.050193646638
-6.921220714009	521.0237367537	-3.028716686614
-6.625632336673	521.0237367537	-3.005581603036
-6.329837513124	521.0237367537	-2.980837549764
-6.033819858742	521.0237367537	-2.954533680659
-5.737582650451	521.0237367537	-2.926728980353
-5.441119334402	521.0237367537	-2.897475879631
-5.144429910596	521.0237367537	-2.866833363124
-4.847514379033	521.0237367537	-2.834860415465
-4.550369462788	521.0237367537	-2.801616021287
-4.252995161862	521.0237367537	-2.767159165221
-3.955375091634	521.0237367537	-2.731548831901
-3.657496144409	521.0237367537	-2.694850559806
-3.359351766338	521.0237367537	-2.657129887417
-3.060922295878	521.0237367537	-2.618455630138
-2.76220117918	521.0237367537	-2.578896603374
-2.463142539307	521.0237367537	-2.538518345605
-2.163710330097	521.0237367537	-2.49740933378
-1.86393076694	521.0237367537	-2.455648214075
-1.563636726713	521.0237367537	-2.413287417274
-1.262880640198	521.0237367537	-2.370497343427
-0.9617345997258	521.0237367537	-2.327340254089
-0.6602149899149	521.0237367537	-2.283950503146
-0.3587674724324	521.0237367537	-2.240534536811
-0.05783770894506	521.0237367537	-2.197298801297
0.2423318081698	521.0237367537	-2.154436635122
0.5416001711792	521.0237367537	-2.112131546029
0.8398166415784	521.0237367537	-2.070580149461
1.136856696255	521.0237367537	-2.029998722403
1.432556489007	521.0237367537	-1.990633034156
1.726742342862	521.0237367537	-1.952761623262
2.019391319352	521.0237367537	-1.916676135959
2.310591895425	521.0237367537	-1.882622341548
2.600442378802	521.0237367537	-1.850839455482
2.889126277229	521.0237367537	-1.821520816279
3.176820544601	521.0237367537	-1.794758177812
3.463731627133	521.0237367537	-1.770685893964
3.750092186429	521.0237367537	-1.749556287886
4.036092284084	521.0237367537	-1.73146111345
4.321941643233	521.0237367537	-1.716442970668
4.607820494699	521.0237367537	-1.704492028769
4.893882853909	521.0237367537	-1.695588626208
5.180259797826	521.0237367537	-1.689680332201
5.467049634169	521.0237367537	-1.686698331343
5.754301516799	521.0237367537	-1.686563977458
6.042126861132	521.0237367537	-1.689195347446
6.330630528737	521.0237367537	-1.694471195117
6.619835458082	521.0237367537	-1.702263720436
6.909705603004	521.0237367537	-1.712432015669
7.200211471185	521.0237367537	-1.724854834627
7.49129080107	521.0237367537	-1.739401100349
7.782897715721	521.0237367537	-1.755939735876
8.074783168915	521.0237367537	-1.774316725778
8.366449068199	521.0237367537	-1.794378054625
8.657007367164	521.0237367537	-1.815884506966
8.9424864339	521.0237367537	-1.838383867284
9.217541605329	521.0237367537	-1.861502566242
9.471273832162	521.0237367537	-1.883372757148
9.686187617061	521.0237367537	-1.902326485677
9.804461635698	521.0237367537	-1.913091181082
