27.1816769652	42.12137280564	-5.717935037445
26.86741224699	42.12137280564	-5.604904689824
26.30219717643	42.12137280564	-5.408284541383
25.638916314	42.12137280564	-5.185906176366
24.91611198587	42.12137280564	-4.951241313945
24.16066429791	42.12137280564	-4.715463609712
23.38716685862	42.12137280564	-4.482906813488
22.60509239463	42.12137280564	-4.256095176212
21.81767086145	42.12137280564	-4.035888209853
21.02631366819	42.12137280564	-3.822385436849
20.23186223186	42.12137280564	-3.615550667222
19.43456988227	42.12137280564	-3.41521199858
18.63470804428	42.12137280564	-3.221170386044
17.83241243029	42.12137280564	-3.033235832233
17.02771018279	42.12137280564	-2.851155007302
16.22085463162	42.12137280564	-2.674719818882
15.41207196414	42.12137280564	-2.503848839521
14.60117218297	42.12137280564	-2.338261596893
13.78819147809	42.12137280564	-2.177686666167
12.97332889437	42.12137280564	-2.021897859982
12.15666585926	42.12137280564	-1.870696133461
11.33823856275	42.12137280564	-1.723819109266
10.51820081223	42.12137280564	-1.581076790015
9.696597845176	42.12137280564	-1.442233940853
8.873492994053	42.12137280564	-1.307037231937
8.048976733802	42.12137280564	-1.175549995728
7.223040016929	42.12137280564	-1.048414604328
6.395800460861	42.12137280564	-0.924518215926
5.56732139806	42.12137280564	-0.8031460784631
4.737657113491	42.12137280564	-0.6839272446689
3.906916177089	42.12137280564	-0.5665540997337
3.075270491245	42.12137280564	-0.4507371238363
2.242891958355	42.12137280564	-0.3362682246056
1.410106288216	42.12137280564	-0.2229845471421
0.5775558529319	42.12137280564	-0.110822758985
-0.2539722154842	42.12137280564	0
-1.084016494818	42.12137280564	0.1091489725198
-1.912586032563	42.12137280564	0.2162532113036
-2.739662733731	42.12137280564	0.3209598640698
-3.56536421575	42.12137280564	0.4229160785364
-4.389744763585	42.12137280564	0.5217599549272
-5.212894852181	42.12137280564	0.6172924483652
-6.035040668897	42.12137280564	0.7091607065686
-6.85625459369	42.12137280564	0.797156637166
-7.676672338975	42.12137280564	0.8810540527972
-8.496483902135	42.12137280564	0.9606629560798
-9.315815948091	42.12137280564	1.035838587103
-10.13478609427	42.12137280564	1.106454280946
-10.95357529056	42.12137280564	1.172401467675
-11.7722921069	42.12137280564	1.233616814829
-12.59105416071	42.12137280564	1.290064132431
-13.40997906942	42.12137280564	1.341734372986
-14.22913016548	42.12137280564	1.388636583989
-15.04863411383	42.12137280564	1.430797907924
-15.86851805695	42.12137280564	1.468290724744
-16.68886342228	42.12137280564	1.501178366912
-17.50966116233	42.12137280564	1.529542261876
-18.33092937209	42.12137280564	1.553454789592
-19.15273138402	42.12137280564	1.573042614982
-19.9749405332	42.12137280564	1.588405260485
-20.79754777213	42.12137280564	1.599624153549
-21.62039024591	42.12137280564	1.606798816613
-22.44320557722	42.12137280564	1.609902107194
-23.26596662355	42.12137280564	1.608861645338
-24.08866433743	42.12137280564	1.603596003593
-24.91157014367	42.12137280564	1.5940418495
-25.73526308193	42.12137280564	1.580262515519
-26.56003267203	42.12137280564	1.562502283999
-27.38567082159	42.12137280564	1.541023532278
-28.21195134325	42.12137280564	1.515998162749
-29.03868423963	42.12137280564	1.487552840336
-29.86557999091	42.12137280564	1.455768992486
-30.6924485997	42.12137280564	1.420673761683
-31.51910911613	42.12137280564	1.382267147927
-32.34529916285	42.12137280564	1.340503913747
-33.1709463599	42.12137280564	1.295293584198
-33.99590594738	42.12137280564	1.246536636841
-34.82000602288	42.12137280564	1.194124501745
-35.64321944394	42.12137280564	1.13787622902
-36.46549192558	42.12137280564	1.077674201239
-37.28671489787	42.12137280564	1.013346516009
-38.10691550329	42.12137280564	0.9447122234412
-38.92609374184	42.12137280564	0.8716446586145
-39.74420437605	42.12137280564	0.7939809666293
-40.5612835959	42.12137280564	0.7115673400807
-41.37737663886	42.12137280564	0.6243042565302
-42.19243826745	42.12137280564	0.5320650510562
-43.00651371916	42.12137280564	0.4347502012201
-43.81958489899	42.12137280564	0.3322963745611
-44.63161561696	42.12137280564	0.2246673811017
-45.4425606356	42.12137280564	0.1118813158305
-46.25230233748	42.12137280564	0.004731839574589
-47.06072310518	42.12137280564	-0.1294967874399
-47.8676691313	42.12137280564	-0.2574645483251
-48.67287803849	42.12137280564	-0.3916388903732
-49.47612363939	42.12137280564	-0.5316669613023
-50.27709831919	42.12137280564	-0.6777116160117
-51.07534970318	42.12137280564	-0.8299266619062
-51.87029875171	42.12137280564	-0.9885292388518
-52.66123976022	42.12137280564	-1.153817914164
-53.44745797665	42.12137280564	-1.326172682607
-54.22801246158	42.12137280564	-1.505973538947
-55.00132895098	42.12137280564	-1.693627620432
-55.76639412549	42.12137280564	-1.890021581513
-56.52199562085	42.12137280564	-2.095725414339
-57.26529252381	42.12137280564	-2.311064828708
-57.99267488412	42.12137280564	-2.536356486923
-58.69894039247	42.12137280564	-2.771473724064
-59.37636248866	42.12137280564	-3.015348935791
-60.01393941949	42.12137280564	-3.265213588815
-60.59779232853	42.12137280564	-3.516010133762
-61.11416902428	42.12137280564	-3.76070866748
-61.55447438707	42.12137280564	-3.991962624509
-61.91915174411	42.12137280564	-4.20521206767
-62.21628955541	42.12137280564	-4.398647498081
-62.45726956893	42.12137280564	-4.57380698979
-62.65333782021	42.12137280564	-4.734617155371
-62.81355085116	42.12137280564	-4.88310463357
-62.94473047256	42.12137280564	-5.021703200383
-63.05186185382	42.12137280564	-5.1525299695
-63.13849161277	42.12137280564	-5.277123014972
-63.20717114281	42.12137280564	-5.396794223487
-63.25964661036	42.12137280564	-5.510783605514
-63.2971122847	42.12137280564	-5.62280063376
-63.32080767255	42.12137280564	-5.730302962298
-63.33171895081	42.12137280564	-5.827717334573
-63.32826280794	42.12137280564	-5.917721808928
-63.30468503752	42.12137280564	-6.010784336393
-63.25962851537	42.12137280564	-6.103141159295
-63.19558130247	42.12137280564	-6.189770918237
-63.11317672342	42.12137280564	-6.274174993555
-63.01235144575	42.12137280564	-6.356742427508
-62.89211024509	42.12137280564	-6.439137959068
-62.74933173586	42.12137280564	-6.522573952485
-62.57903979614	42.12137280564	-6.608434674402
-62.37427690273	42.12137280564	-6.699117710838
-62.12557937649	42.12137280564	-6.796604463068
-61.81928550085	42.12137280564	-6.902405862657
-61.43934502075	42.12137280564	-7.01860283332
-60.97316382396	42.12137280564	-7.144887760245
-60.4169962478	42.12137280564	-7.278265922786
-59.78143690823	42.12137280564	-7.414548331031
-59.08666171777	42.12137280564	-7.548216013392
-58.35233992926	42.12137280564	-7.675894254456
-57.59283896381	42.12137280564	-7.796424974939
-56.81703441344	42.12137280564	-7.909446275065
-56.03018287241	42.12137280564	-8.015274817137
-55.23548715372	42.12137280564	-8.114426308338
-54.43515484602	42.12137280564	-8.207371218376
-53.63035307608	42.12137280564	-8.294426209555
-52.82125374629	42.12137280564	-8.376152226529
-52.00875255861	42.12137280564	-8.453083071467
-51.19352807512	42.12137280564	-8.525517311685
-50.37586981563	42.12137280564	-8.593807799465
-49.55614872741	42.12137280564	-8.658244054628
-48.73470861526	42.12137280564	-8.719142739478
-47.9121466138	42.12137280564	-8.77673908887
-47.08890605026	42.12137280564	-8.831141672736
-46.26511358956	42.12137280564	-8.889507059152
-45.44083256417	42.12137280564	-8.930935536039
-44.616171544	42.12137280564	-8.975811108296
-43.79113957657	42.12137280564	-9.017420535071
-42.96581808932	42.12137280564	-9.055727626388
-42.1402794622	42.12137280564	-9.090732382247
-41.31449655273	42.12137280564	-9.122452897636
-40.48858697834	42.12137280564	-9.150889172555
-39.66256883402	42.12137280564	-9.176005017028
-38.83650545222	42.12137280564	-9.197800431053
-38.01041492795	42.12137280564	-9.216239224653
-37.18434249866	42.12137280564	-9.23130330284
-36.35838768679	42.12137280564	-9.242929333152
-35.53246001742	42.12137280564	-9.251090173107
-34.70670425043	42.12137280564	-9.255749632726
-33.88112038584	42.12137280564	-9.256826284561
-33.05567223367	42.12137280564	-9.254302033621
-32.23047741133	42.12137280564	-9.248113547447
-31.40553591885	42.12137280564	-9.238215588567
-30.58081156622	42.12137280564	-9.224553872013
-29.7564129234	42.12137280564	-9.207092207808
-28.93235808536	42.12137280564	-9.185758215998
-28.10862895712	42.12137280564	-9.160524754098
-27.28531601363	42.12137280564	-9.131355632132
-26.46249163483	42.12137280564	-9.098178470143
-25.64018296322	42.12137280564	-9.060938983166
-24.8185166637	42.12137280564	-9.019619076212
-23.99770987616	42.12137280564	-8.97413732183
-23.17797974045	42.12137280564	-8.9243670551
-22.35947101648	42.12137280564	-8.870136373628
-21.54232846417	42.12137280564	-8.811210042559
-20.72635303864	42.12137280564	-8.74731663706
-19.91077570286	42.12137280564	-8.678248064761
-19.0948455148	42.12137280564	-8.604067658122
-18.27842676205	42.12137280564	-8.524983509515
-17.46144706464	42.12137280564	-8.441167521334
-16.64385213761	42.12137280564	-8.352836833443
-15.82565102845	42.12137280564	-8.260190490721
-15.00681659469	42.12137280564	-8.163445633032
-14.18734883632	42.12137280564	-8.062819400243
-13.36726584832	42.12137280564	-7.958519884726
-12.54654953572	42.12137280564	-7.850764226344
-11.72519085102	42.12137280564	-7.739751469977
-10.90316265173	42.12137280564	-7.625707802983
-10.08041065289	42.12137280564	-7.50883227024
-9.256925806999	42.12137280564	-7.389351059108
-8.432653829097	42.12137280564	-7.267481309453
-7.607567576698	42.12137280564	-7.14344016114
-6.78155847987	42.12137280564	-7.017426659047
-5.954508921185	42.12137280564	-6.889694133016
-5.126500328093	42.12137280564	-6.760486865397
-4.297071278379	42.12137280564	-6.630067233528
-3.466366531954	42.12137280564	-6.498570949824
-2.6345760862	42.12137280564	-6.366540863951
-1.801754226084	42.12137280564	-6.234248400739
-0.9691314108443	42.12137280564	-6.102308789809
-0.1379380997212	42.12137280564	-5.971373450759
0.6911561926997	42.12137280564	-5.841994280746
1.517762424159	42.12137280564	-5.714750319413
2.341464409913	42.12137280564	-5.590320128841
3.161918345176	42.12137280564	-5.469436556076
3.978680902721	42.12137280564	-5.352977208076
4.791254470355	42.12137280564	-5.24194635672
5.599575715619	42.12137280564	-5.137384463864
6.403916063344	42.12137280564	-5.040187231455
7.204510748384	42.12137280564	-4.951214171462
8.00189357291	42.12137280564	-4.87121622592
8.796544054126	42.12137280564	-4.800528152122
9.589041231672	42.12137280564	-4.7395842298
10.38000033517	42.12137280564	-4.689633013182
11.16997326178	42.12137280564	-4.651009259561
11.95953000364	42.12137280564	-4.623866776341
12.74917722045	42.12137280564	-4.608250800996
13.53932204945	42.12137280564	-4.604088953569
14.33034448541	42.12137280564	-4.611254569139
15.12250690566	42.12137280564	-4.629557650323
15.91594502263	42.12137280564	-4.658781057256
16.71095740362	42.12137280564	-4.698707650072
17.50786071094	42.12137280564	-4.748975528994
18.30669113457	42.12137280564	-4.809195651763
19.10736724706	42.12137280564	-4.878969928626
19.90979857347	42.12137280564	-4.957918364817
20.71382225889	42.12137280564	-5.04567906056
21.51929354341	42.12137280564	-5.141862973595
22.32554291246	42.12137280564	-5.245990586719
23.13117705188	42.12137280564	-5.35756428774
23.93376218569	42.12137280564	-5.475697422205
24.72232370317	42.12137280564	-5.598309066402
25.48208704596	42.12137280564	-5.723390676572
26.18295120016	42.12137280564	-5.84224761059
26.77659349814	42.12137280564	-5.94597713396
27.10328947367	42.12137280564	-6.005012034962
