5.7514 0 0 
5.7526 4.9686 -0.17938 
5.7562 9.8347 -0.35409 
5.7617 14.5999 -0.52423 
5.7687 19.2661 -0.68991 
5.7771 23.835 -0.85123 
5.7865 28.3083 -1.0083 
5.7968 32.6878 -1.1612 
5.8076 36.9752 -1.31 
5.8188 41.1722 -1.4549 
5.8301 45.2805 -1.5958 
5.8415 49.3017 -1.733 
5.8528 53.2374 -1.8665 
5.8638 57.0894 -1.9964 
5.8743 60.8592 -2.1227 
5.8844 64.5485 -2.2457 
5.8939 68.1587 -2.3653 
5.9027 71.6916 -2.4816 
5.9107 75.1486 -2.5947 
5.9179 78.5313 -2.7048 
5.9242 81.8413 -2.8118 
5.9296 85.08 -2.9159 
5.9339 88.2489 -3.0171 
5.9373 91.3495 -3.1156 
5.9396 94.3833 -3.2113 
5.9409 97.3517 -3.3044 
5.941 100.2562 -3.3949 
5.9401 103.0982 -3.483 
5.938 105.8791 -3.5686 
5.9348 108.6002 -3.6518 
5.9305 111.263 -3.7328 
5.9251 113.8688 -3.8115 
5.9185 116.419 -3.888 
5.9108 118.9148 -3.9625 
5.9021 121.3577 -4.0349 
5.8922 123.7488 -4.1053 
5.8813 126.0896 -4.1739 
5.8693 128.3811 -4.2405 
5.8563 130.6248 -4.3053 
5.8422 132.8218 -4.3684 
5.8271 134.9734 -4.4298 
5.811 137.0807 -4.4896 
5.7939 139.1449 -4.5477 
5.7758 141.1673 -4.6043 
5.7568 143.149 -4.6594 
5.7369 145.0911 -4.7131 
5.7161 146.9948 -4.7653 
5.6943 148.8612 -4.8162 
5.6717 150.6913 -4.8658 
5.6483 152.4863 -4.9141 
5.624 154.2472 -4.9612 
5.5989 155.9751 -5.0071 
5.573 157.671 -5.0518 
5.5463 159.3359 -5.0955 
5.5188 160.9709 -5.1381 
5.4906 162.5769 -5.1796 
5.4616 164.155 -5.2202 
5.4319 165.706 -5.2598 
5.4015 167.231 -5.2984 
5.3705 168.7308 -5.3362 
5.3387 170.2064 -5.3731 
5.3063 171.6586 -5.4092 
5.2732 173.0884 -5.4445 
5.2394 174.4966 -5.479 
5.205 175.8841 -5.5128 
5.17 177.2518 -5.5458 
5.1344 178.6003 -5.5782 
5.0981 179.9306 -5.6099 
5.0613 181.2435 -5.6409 
5.0239 182.5397 -5.6714 
4.9858 183.8199 -5.7012 
4.9472 185.085 -5.7305 
4.9081 186.3357 -5.7593 
4.8683 187.5726 -5.7875 
4.828 188.7965 -5.8152 
4.7871 190.0081 -5.8424 
4.7456 191.2081 -5.8692 
4.7036 192.397 -5.8955 
4.6611 193.5755 -5.9214 
4.618 194.7443 -5.9468 
4.5743 195.904 -5.9719 
4.5301 197.0552 -5.9966 
4.4854 198.1984 -6.0209 
4.4401 199.3342 -6.0448 
4.3943 200.4631 -6.0684 
4.3479 201.5858 -6.0916 
4.301 202.7026 -6.1146 
4.2535 203.8142 -6.1372 
4.2055 204.9209 -6.1595 
4.157 206.0233 -6.1815 
4.1079 207.1219 -6.2033 
4.0583 208.217 -6.2247 
4.0081 209.3091 -6.2459 
3.9574 210.3986 -6.2668 
3.9061 211.4859 -6.2875 
3.8543 212.5714 -6.3079 
3.8019 213.6554 -6.3281 
3.749 214.7384 -6.348 
3.6956 215.8205 -6.3677 
3.6416 216.9022 -6.3871 
3.587 217.9838 -6.4063 
3.5319 219.0655 -6.4253 
3.4763 220.1476 -6.444 
3.4201 221.2304 -6.4626 
3.3634 222.3141 -6.4808 
3.3062 223.3989 -6.4989 
3.2484 224.4851 -6.5167 
3.1901 225.5729 -6.5342 
3.1313 226.6624 -6.5516 
3.0719 227.7538 -6.5687 
3.0121 228.8472 -6.5855 
2.9517 229.9428 -6.6021 
2.8909 231.0408 -6.6184 
2.8295 232.1411 -6.6345 
2.7677 233.2439 -6.6503 
2.7054 234.3494 -6.6658 
2.6427 235.4574 -6.6811 
2.5796 236.5681 -6.696 
2.516 237.6816 -6.7107 
2.452 238.7978 -6.725 
2.3877 239.9166 -6.739 
2.323 241.0382 -6.7527 
2.258 242.1625 -6.7661 
2.1927 243.2894 -6.7791 
2.1272 244.4188 -6.7918 
2.0614 245.5507 -6.8041 
1.9955 246.685 -6.816 
1.9294 247.8216 -6.8275 
1.8632 248.9604 -6.8386 
1.7969 250.1011 -6.8493 
1.7306 251.2437 -6.8595 
1.6645 252.388 -6.8693 
1.5984 253.5339 -6.8786 
1.5325 254.681 -6.8874 
1.4669 255.8292 -6.8958 
1.4017 256.9782 -6.9036 
1.3369 258.1279 -6.9109 
1.2726 259.2779 -6.9176 
1.2089 260.428 -6.9238 
1.146 261.5779 -6.9294 
1.084 262.7272 -6.9344 
1.0229 263.8757 -6.9388 
0.96294 265.023 -6.9425 
0.90425 266.1688 -6.9456 
0.84699 267.3126 -6.948 
0.79132 268.4542 -6.9498 
0.73742 269.593 -6.9508 
0.68548 270.7288 -6.9511 
0.63572 271.861 -6.9507 
0.58835 272.9892 -6.9496 
0.54361 274.113 -6.9476 
0.50175 275.2318 -6.9449 
0.46305 276.3452 -6.9414 
0.4278 277.4528 -6.9371 
0.39629 278.5538 -6.9319 
0.36886 279.6479 -6.9259 
0.34585 280.7345 -6.9191 
0.32763 281.8129 -6.9114 
0.3146 282.8827 -6.9029 
0.30717 283.9432 -6.8935 
0.30576 284.9938 -6.8832 
0.31085 286.0339 -6.8721 
0.3229 287.0629 -6.8601 
0.34244 288.0799 -6.8472 
0.36997 289.0845 -6.8336 
0.40605 290.076 -6.8191 
0.45125 291.0535 -6.8037 
0.50613 292.0164 -6.7877 
0.57129 292.9639 -6.7708 
0.64733 293.8954 -6.7533 
0.73483 294.8099 -6.7351 
0.83438 295.7069 -6.7163 
0.94654 296.5853 -6.697 
1.0718 297.4445 -6.6772 
1.2108 298.2837 -6.657 
1.3637 299.1019 -6.6365 
1.531 299.8983 -6.6159 
1.7128 300.672 -6.5952 
1.9092 301.4222 -6.5746 
2.1201 302.148 -6.5541 
2.345 302.8484 -6.5341 
2.5835 303.5224 -6.5145 
2.8347 304.1692 -6.4956 
3.0972 304.7878 -6.4775 
3.3695 305.3772 -6.4604 
3.6496 305.9364 -6.4444 
3.9352 306.4643 -6.4297 
4.2233 306.9601 -6.4162 
4.5107 307.4225 -6.4042 
4.7937 307.8507 -6.3935 
5.0683 308.2434 -6.3843 
5.3302 308.5996 -6.3764 
5.5748 308.9182 -6.3699 
5.7976 309.1981 -6.3646 
5.994 309.4382 -6.3604 
6.1594 309.6372 -6.3572 
6.2898 309.7941 -6.3548 
6.3814 309.9077 -6.3532 
6.4311 309.9767 -6.3523 
6.4364 310 -6.352 
