 ---------------------------------------------------------------
 Surface and Strip Forces by surface

  Forces referred to Sref, Cref, Bref about Xref, Yref, Zref
 Standard axis orientation,  X fwd, Z down         

  Surface # 1     Main                                    
     # Chordwise = 10   # Spanwise = 35     First strip =  1
     Surface area =    0.036576       Ave. chord =    0.062679
     CLsurf  =   0.18000     Clsurf  =  -0.03700
     CYsurf  =  -0.00160     Cmsurf  =   0.00923
     CDsurf  =   0.00684     Cnsurf  =   0.00224
     CDisurf =   0.00124     CDvsurf =   0.00560

  Forces referred to Ssurf, Cave about hinge axis thru LE
     CLsurf  =   0.35434     CDsurf  =   0.01346
     Deflect =

 Strip Forces referred to Strip Area, Chord
    j      Yle    Chord     Area     c cl      ai      cl_norm  cl       cd       cdv    cm_c/4    cm_LE  C.P.x/c
     1   0.0074   0.0925   0.0014   0.0364   0.0276   0.3939   0.3938   0.0162   0.0110  -0.1631  -0.2613    0.664
     2   0.0223   0.0919   0.0014   0.0362   0.0267   0.3948   0.3947   0.0161   0.0110  -0.1631  -0.2615    0.663
     3   0.0386   0.0907   0.0016   0.0359   0.0254   0.3966   0.3959   0.0159   0.0110  -0.1629  -0.2612    0.661
     4   0.0563   0.0890   0.0016   0.0354   0.0238   0.3979   0.3973   0.0157   0.0110  -0.1624  -0.2611    0.659
     5   0.0752   0.0871   0.0017   0.0347   0.0222   0.3990   0.3981   0.0155   0.0110  -0.1617  -0.2603    0.656
     6   0.0951   0.0849   0.0017   0.0338   0.0203   0.3992   0.3984   0.0152   0.0110  -0.1606  -0.2593    0.653
     7   0.1158   0.0826   0.0018   0.0328   0.0186   0.3985   0.3976   0.0148   0.0110  -0.1591  -0.2576    0.650
     8   0.1373   0.0802   0.0017   0.0317   0.0168   0.3967   0.3959   0.0145   0.0110  -0.1574  -0.2554    0.648
     9   0.1592   0.0778   0.0018   0.0306   0.0151   0.3937   0.3929   0.0141   0.0110  -0.1553  -0.2527    0.645
    10   0.1817   0.0755   0.0017   0.0293   0.0134   0.3898   0.3890   0.0137   0.0110  -0.1530  -0.2494    0.643
    11   0.2006   0.0735   0.0011   0.0283   0.0121   0.3853   0.3847   0.0135   0.0110  -0.1508  -0.2463    0.642
    12   0.2160   0.0721   0.0011   0.0274   0.0114   0.3804   0.3797   0.0133   0.0110  -0.1487  -0.2430    0.642
    13   0.2312   0.0706   0.0011   0.0264   0.0106   0.3754   0.3748   0.0131   0.0110  -0.1467  -0.2397    0.641
    14   0.2466   0.0692   0.0011   0.0255   0.0099   0.3698   0.3693   0.0129   0.0110  -0.1446  -0.2363    0.641
    15   0.2621   0.0678   0.0010   0.0246   0.0093   0.3637   0.3632   0.0127   0.0110  -0.1423  -0.2326    0.642
    16   0.2775   0.0665   0.0010   0.0237   0.0088   0.3571   0.3566   0.0126   0.0110  -0.1400  -0.2286    0.643
    17   0.2967   0.0648   0.0015   0.0226   0.0079   0.3494   0.3489   0.0124   0.0110  -0.1373  -0.2240    0.643
    18   0.3197   0.0628   0.0014   0.0213   0.0069   0.3401   0.3397   0.0122   0.0110  -0.1341  -0.2185    0.645
    19   0.3388   0.0612   0.0009   0.0203   0.0062   0.3318   0.3313   0.0120   0.0110  -0.1313  -0.2136    0.646
    20   0.3541   0.0598   0.0009   0.0193   0.0059   0.3242   0.3237   0.0119   0.0110  -0.1288  -0.2092    0.648
    21   0.3691   0.0584   0.0009   0.0184   0.0057   0.3165   0.3160   0.0119   0.0110  -0.1264  -0.2049    0.650
    22   0.3841   0.0568   0.0009   0.0175   0.0053   0.3096   0.3089   0.0118   0.0110  -0.1242  -0.2006    0.652
    23   0.3990   0.0551   0.0008   0.0166   0.0049   0.3027   0.3020   0.0117   0.0110  -0.1220  -0.1968    0.654
    24   0.4138   0.0534   0.0008   0.0157   0.0047   0.2954   0.2947   0.0116   0.0110  -0.1197  -0.1927    0.656
    25   0.4285   0.0515   0.0008   0.0148   0.0043   0.2895   0.2883   0.0116   0.0110  -0.1176  -0.1884    0.658
    26   0.4432   0.0492   0.0007   0.0139   0.0037   0.2838   0.2826   0.0115   0.0110  -0.1157  -0.1851    0.659
    27   0.4576   0.0469   0.0007   0.0130   0.0035   0.2773   0.2761   0.0114   0.0110  -0.1135  -0.1814    0.661
    28   0.4720   0.0442   0.0006   0.0120   0.0029   0.2737   0.2712   0.0113   0.0110  -0.1117  -0.1772    0.662
    29   0.4864   0.0410   0.0006   0.0110   0.0019   0.2704   0.2680   0.0112   0.0110  -0.1102  -0.1750    0.661
    30   0.5006   0.0378   0.0005   0.0100   0.0015   0.2663   0.2639   0.0111   0.0110  -0.1083  -0.1722    0.661
    31   0.5148   0.0340   0.0005   0.0089   0.0002   0.2683   0.2634   0.0109   0.0110  -0.1072  -0.1687    0.657
    32   0.5291   0.0294   0.0004   0.0079  -0.0018   0.2739   0.2689   0.0106   0.0110  -0.1071  -0.1700    0.648
    33   0.5431   0.0249   0.0003   0.0070  -0.0012   0.2869   0.2817   0.0100   0.0110  -0.1087  -0.1746    0.636
    34   0.5538   0.0198   0.0003   0.0057   0.0076   0.2903   0.2866   0.0126   0.0110  -0.1027  -0.1743    0.608
    35   0.5613   0.0141   0.0002   0.0038   0.0054   0.2705   0.2671   0.0128   0.0110  -0.0976  -0.1644    0.615

  Surface # 2     Main (YDUP)                             
     # Chordwise = 10   # Spanwise = 35     First strip = 36
     Surface area =    0.036576       Ave. chord =    0.062679
     CLsurf  =   0.18000     Clsurf  =   0.03700
     CYsurf  =   0.00160     Cmsurf  =   0.00923
     CDsurf  =   0.00684     Cnsurf  =  -0.00224
     CDisurf =   0.00124     CDvsurf =   0.00560

  Forces referred to Ssurf, Cave about hinge axis thru LE
     CLsurf  =   0.35434     CDsurf  =   0.01346
     Deflect =

 Strip Forces referred to Strip Area, Chord
    j      Yle    Chord     Area     c cl      ai      cl_norm  cl       cd       cdv    cm_c/4    cm_LE  C.P.x/c
    36  -0.0074   0.0925   0.0014   0.0364   0.0276   0.3939   0.3938   0.0162   0.0110  -0.1631   0.2613    0.664
    37  -0.0223   0.0919   0.0014   0.0362   0.0267   0.3948   0.3947   0.0161   0.0110  -0.1631   0.2615    0.663
    38  -0.0386   0.0907   0.0016   0.0359   0.0254   0.3966   0.3959   0.0159   0.0110  -0.1629   0.2612    0.661
    39  -0.0563   0.0890   0.0016   0.0354   0.0238   0.3979   0.3973   0.0157   0.0110  -0.1624   0.2611    0.659
    40  -0.0752   0.0871   0.0017   0.0347   0.0222   0.3990   0.3981   0.0155   0.0110  -0.1617   0.2603    0.656
    41  -0.0951   0.0849   0.0017   0.0338   0.0203   0.3992   0.3984   0.0152   0.0110  -0.1606   0.2593    0.653
    42  -0.1158   0.0826   0.0018   0.0328   0.0186   0.3985   0.3976   0.0148   0.0110  -0.1591   0.2576    0.650
    43  -0.1373   0.0802   0.0017   0.0317   0.0168   0.3967   0.3959   0.0145   0.0110  -0.1574   0.2554    0.648
    44  -0.1592   0.0778   0.0018   0.0306   0.0151   0.3937   0.3929   0.0141   0.0110  -0.1553   0.2527    0.645
    45  -0.1817   0.0755   0.0017   0.0293   0.0134   0.3898   0.3890   0.0137   0.0110  -0.1530   0.2494    0.643
    46  -0.2006   0.0735   0.0011   0.0283   0.0121   0.3853   0.3847   0.0135   0.0110  -0.1508   0.2463    0.642
    47  -0.2160   0.0721   0.0011   0.0274   0.0114   0.3804   0.3798   0.0133   0.0110  -0.1487   0.2430    0.642
    48  -0.2312   0.0706   0.0011   0.0264   0.0106   0.3754   0.3748   0.0131   0.0110  -0.1467   0.2397    0.641
    49  -0.2466   0.0692   0.0011   0.0255   0.0099   0.3698   0.3693   0.0129   0.0110  -0.1446   0.2363    0.641
    50  -0.2621   0.0678   0.0010   0.0246   0.0093   0.3637   0.3632   0.0127   0.0110  -0.1423   0.2326    0.642
    51  -0.2775   0.0665   0.0010   0.0237   0.0088   0.3571   0.3566   0.0126   0.0110  -0.1400   0.2286    0.643
    52  -0.2967   0.0648   0.0015   0.0226   0.0079   0.3494   0.3489   0.0124   0.0110  -0.1373   0.2240    0.643
    53  -0.3197   0.0628   0.0014   0.0213   0.0069   0.3401   0.3397   0.0122   0.0110  -0.1341   0.2185    0.645
    54  -0.3388   0.0612   0.0009   0.0203   0.0062   0.3318   0.3313   0.0120   0.0110  -0.1313   0.2136    0.646
    55  -0.3541   0.0598   0.0009   0.0193   0.0059   0.3242   0.3237   0.0119   0.0110  -0.1288   0.2092    0.648
    56  -0.3691   0.0584   0.0009   0.0184   0.0057   0.3165   0.3160   0.0119   0.0110  -0.1264   0.2049    0.650
    57  -0.3841   0.0568   0.0009   0.0175   0.0053   0.3096   0.3089   0.0118   0.0110  -0.1242   0.2006    0.652
    58  -0.3990   0.0551   0.0008   0.0166   0.0049   0.3027   0.3020   0.0117   0.0110  -0.1220   0.1968    0.654
    59  -0.4138   0.0534   0.0008   0.0157   0.0047   0.2954   0.2947   0.0116   0.0110  -0.1197   0.1927    0.656
    60  -0.4285   0.0515   0.0008   0.0148   0.0043   0.2895   0.2883   0.0116   0.0110  -0.1176   0.1884    0.658
    61  -0.4432   0.0492   0.0007   0.0139   0.0037   0.2838   0.2826   0.0115   0.0110  -0.1157   0.1851    0.659
    62  -0.4576   0.0469   0.0007   0.0130   0.0035   0.2773   0.2761   0.0114   0.0110  -0.1135   0.1814    0.661
    63  -0.4720   0.0442   0.0006   0.0120   0.0029   0.2737   0.2712   0.0113   0.0110  -0.1117   0.1772    0.662
    64  -0.4864   0.0410   0.0006   0.0110   0.0019   0.2704   0.2680   0.0112   0.0110  -0.1102   0.1750    0.661
    65  -0.5006   0.0378   0.0005   0.0100   0.0015   0.2663   0.2639   0.0111   0.0110  -0.1083   0.1722    0.661
    66  -0.5148   0.0340   0.0005   0.0089   0.0002   0.2683   0.2634   0.0109   0.0110  -0.1072   0.1687    0.657
    67  -0.5291   0.0294   0.0004   0.0079  -0.0018   0.2739   0.2689   0.0106   0.0110  -0.1071   0.1700    0.648
    68  -0.5431   0.0249   0.0003   0.0070  -0.0012   0.2869   0.2817   0.0100   0.0110  -0.1087   0.1746    0.636
    69  -0.5538   0.0198   0.0003   0.0057   0.0076   0.2903   0.2866   0.0126   0.0110  -0.1027   0.1743    0.608
    70  -0.5613   0.0141   0.0002   0.0038   0.0054   0.2705   0.2671   0.0128   0.0110  -0.0976   0.1644    0.615
 ---------------------------------------------------------------
