-66.7381 0 0 
-66.7344 3.6878 0 
-66.7232 7.3406 0 
-66.7047 10.9592 0 
-66.6789 14.5446 0 
-66.6461 18.0976 0 
-66.6064 21.6191 0 
-66.5598 25.11 0 
-66.5065 28.571 0 
-66.4466 32.0031 0 
-66.3802 35.4071 0 
-66.3073 38.7838 0 
-66.2283 42.134 0 
-66.143 45.4585 0 
-66.0517 48.758 0 
-65.9544 52.0334 0 
-65.8512 55.2854 0 
-65.7423 58.5147 0 
-65.6277 61.7221 0 
-65.5075 64.9084 0 
-65.3819 68.0741 0 
-65.2509 71.2201 0 
-65.1146 74.347 0 
-64.9732 77.4555 0 
-64.8266 80.5463 0 
-64.675 83.62 0 
-64.5186 86.6773 0 
-64.3572 89.7188 0 
-64.1911 92.7451 0 
-64.0204 95.7569 0 
-63.8451 98.7547 0 
-63.6652 101.7391 0 
-63.481 104.7108 0 
-63.2924 107.6703 0 
-63.0996 110.6181 0 
-62.9025 113.5547 0 
-62.7014 116.4808 0 
-62.4962 119.3969 0 
-62.287 122.3034 0 
-62.0739 125.2008 0 
-61.8571 128.0897 0 
-61.6364 130.9705 0 
-61.4121 133.8437 0 
-61.1842 136.7097 0 
-60.9527 139.569 0 
-60.7177 142.422 0 
-60.4793 145.2691 0 
-60.2375 148.1108 0 
-59.9925 150.9475 0 
-59.7441 153.7794 0 
-59.4926 156.6071 0 
-59.238 159.4308 0 
-58.9803 162.251 0 
-58.7196 165.0679 0 
-58.4559 167.8819 0 
-58.1894 170.6933 0 
-57.9199 173.5025 0 
-57.6477 176.3096 0 
-57.3727 179.1151 0 
-57.095 181.9192 0 
-56.8146 184.722 0 
-56.5316 187.524 0 
-56.2461 190.3253 0 
-55.958 193.1262 0 
-55.6675 195.9268 0 
-55.3745 198.7275 0 
-55.0791 201.5283 0 
-54.7813 204.3295 0 
-54.4812 207.1312 0 
-54.1788 209.9336 0 
-53.8742 212.7368 0 
-53.5674 215.5411 0 
-53.2583 218.3464 0 
-52.9471 221.153 0 
-52.6338 223.9609 0 
-52.3184 226.7703 0 
-52.0009 229.5812 0 
-51.6814 232.3936 0 
-51.3599 235.2077 0 
-51.0364 238.0234 0 
-50.7109 240.8409 0 
-50.3834 243.6602 0 
-50.054 246.4812 0 
-49.7227 249.304 0 
-49.3896 252.1285 0 
-49.0545 254.9548 0 
-48.7176 257.7828 0 
-48.3788 260.6125 0 
-48.0382 263.4437 0 
-47.6957 266.2766 0 
-47.3514 269.1109 0 
-47.0053 271.9466 0 
-46.6574 274.7836 0 
-46.3077 277.6217 0 
-45.9561 280.461 0 
-45.6027 283.3011 0 
-45.2476 286.1421 0 
-44.8906 288.9836 0 
-44.5317 291.8257 0 
-44.1711 294.668 0 
-43.8086 297.5104 0 
-43.4442 300.3527 0 
-43.078 303.1947 0 
-42.7098 306.0362 0 
-42.3398 308.8769 0 
-41.9678 311.7166 0 
-41.5939 314.555 0 
-41.218 317.3919 0 
-40.8401 320.2269 0 
-40.4601 323.0599 0 
-40.0781 325.8904 0 
-39.694 328.7182 0 
-39.3077 331.543 0 
-38.9192 334.3644 0 
-38.5285 337.1821 0 
-38.1354 339.9956 0 
-37.7401 342.8047 0 
-37.3423 345.609 0 
-36.9422 348.4081 0 
-36.5394 351.2015 0 
-36.1341 353.9889 0 
-35.7262 356.7698 0 
-35.3155 359.5438 0 
-34.9021 362.3104 0 
-34.4857 365.0693 0 
-34.0664 367.8198 0 
-33.644 370.5616 0 
-33.2184 373.2941 0 
-32.7896 376.0169 0 
-32.3574 378.7293 0 
-31.9217 381.431 0 
-31.4825 384.1213 0 
-31.0395 386.7997 0 
-30.5926 389.4657 0 
-30.1418 392.1186 0 
-29.6868 394.7579 0 
-29.2275 397.383 0 
-28.7638 399.9933 0 
-28.2955 402.5882 0 
-27.8224 405.167 0 
-27.3443 407.7291 0 
-26.8611 410.2738 0 
-26.3725 412.8005 0 
-25.8784 415.3086 0 
-25.3785 417.7972 0 
-24.8726 420.2658 0 
-24.3604 422.7136 0 
-23.8418 425.1399 0 
-23.3164 427.544 0 
-22.784 429.9251 0 
-22.2443 432.2825 0 
-21.697 434.6154 0 
-21.1418 436.9231 0 
-20.5784 439.2047 0 
-20.0065 441.4594 0 
-19.4256 443.6865 0 
-18.8356 445.8851 0 
-18.236 448.0544 0 
-17.6264 450.1936 0 
-17.0065 452.3017 0 
-16.3759 454.378 0 
-15.7341 456.4215 0 
-15.0809 458.4314 0 
-14.4157 460.4067 0 
-13.7382 462.3466 0 
-13.048 464.2502 0 
-12.3447 466.1164 0 
-11.628 467.9444 0 
-10.8974 469.7331 0 
-10.1528 471.4817 0 
-9.3938 473.1892 0 
-8.6202 474.8545 0 
-7.8319 476.4767 0 
-7.0289 478.0547 0 
-6.2112 479.5875 0 
-5.3789 481.0741 0 
-4.5326 482.5135 0 
-3.6726 483.9045 0 
-2.7998 485.2462 0 
-1.9151 486.5374 0 
-1.0198 487.777 0 
-0.11559 488.964 0 
0.79566 490.0972 0 
1.7116 491.1755 0 
2.6296 492.1978 0 
3.5464 493.1628 0 
4.4586 494.0696 0 
5.3623 494.9168 0 
6.2531 495.7033 0 
7.1265 496.428 0 
7.9778 497.0895 0 
8.8019 497.6868 0 
9.594 498.2185 0 
10.3489 498.6834 0 
11.062 499.0803 0 
11.7289 499.4079 0 
12.3453 499.665 0 
12.9079 499.8502 0 
13.4137 499.9623 0 
13.8604 500 0 
