28.6763 0 0 
28.6754 4.1504 0 
28.6724 8.2519 0 
28.6676 12.3054 0 
28.6608 16.3121 0 
28.652 20.2732 0 
28.6413 24.1897 0 
28.6286 28.0626 0 
28.614 31.893 0 
28.5975 35.682 0 
28.5791 39.4305 0 
28.5588 43.1397 0 
28.5366 46.8104 0 
28.5125 50.4437 0 
28.4865 54.0406 0 
28.4588 57.6021 0 
28.4292 61.129 0 
28.3978 64.6223 0 
28.3646 68.083 0 
28.3298 71.5119 0 
28.2931 74.91 0 
28.2548 78.2782 0 
28.2148 81.6173 0 
28.1732 84.9281 0 
28.13 88.2117 0 
28.0852 91.4686 0 
28.0388 94.6999 0 
27.9909 97.9064 0 
27.9415 101.0887 0 
27.8906 104.2477 0 
27.8383 107.3842 0 
27.7846 110.499 0 
27.7295 113.5927 0 
27.6731 116.6662 0 
27.6154 119.7201 0 
27.5565 122.7551 0 
27.4963 125.772 0 
27.4349 128.7715 0 
27.3723 131.7541 0 
27.3086 134.7207 0 
27.2438 137.6717 0 
27.1779 140.6079 0 
27.111 143.5299 0 
27.0431 146.4382 0 
26.9742 149.3336 0 
26.9045 152.2164 0 
26.8338 155.0875 0 
26.7623 157.9472 0 
26.6899 160.7961 0 
26.6167 163.6348 0 
26.5428 166.4639 0 
26.4682 169.2836 0 
26.3929 172.0947 0 
26.317 174.8976 0 
26.2404 177.6927 0 
26.1632 180.4805 0 
26.0855 183.2614 0 
26.0073 186.0359 0 
25.9286 188.8044 0 
25.8494 191.5673 0 
25.7698 194.3249 0 
25.6898 197.0777 0 
25.6095 199.8261 0 
25.5288 202.5704 0 
25.4479 205.3108 0 
25.3667 208.0479 0 
25.2852 210.7818 0 
25.2036 213.5128 0 
25.1218 216.2414 0 
25.0399 218.9677 0 
24.9578 221.692 0 
24.8757 224.4146 0 
24.7936 227.1356 0 
24.7114 229.8555 0 
24.6292 232.5742 0 
24.5471 235.2921 0 
24.4651 238.0094 0 
24.3831 240.7261 0 
24.3013 243.4425 0 
24.2197 246.1588 0 
24.1382 248.875 0 
24.0569 251.5913 0 
23.9759 254.3079 0 
23.8952 257.0247 0 
23.8147 259.7419 0 
23.7346 262.4596 0 
23.6548 265.1778 0 
23.5754 267.8966 0 
23.4965 270.616 0 
23.4179 273.3361 0 
23.3398 276.0568 0 
23.2622 278.7781 0 
23.1851 281.5001 0 
23.1086 284.2227 0 
23.0326 286.9458 0 
22.9573 289.6695 0 
22.8825 292.3936 0 
22.8084 295.1181 0 
22.735 297.8429 0 
22.6624 300.5679 0 
22.5904 303.2929 0 
22.5192 306.0178 0 
22.4489 308.7425 0 
22.3793 311.4669 0 
22.3107 314.1908 0 
22.2429 316.9139 0 
22.176 319.6361 0 
22.1102 322.3573 0 
22.0453 325.0771 0 
21.9814 327.7953 0 
21.9186 330.5118 0 
21.857 333.2262 0 
21.7964 335.9382 0 
21.7371 338.6477 0 
21.679 341.3543 0 
21.6221 344.0576 0 
21.5666 346.7575 0 
21.5124 349.4535 0 
21.4597 352.1453 0 
21.4084 354.8325 0 
21.3587 357.5148 0 
21.3105 360.1918 0 
21.2639 362.863 0 
21.2191 365.5282 0 
21.176 368.1868 0 
21.1347 370.8385 0 
21.0953 373.4827 0 
21.0579 376.119 0 
21.0226 378.7471 0 
20.9893 381.3662 0 
20.9584 383.9761 0 
20.9297 386.576 0 
20.9034 389.1657 0 
20.8796 391.7444 0 
20.8585 394.3117 0 
20.8401 396.8669 0 
20.8245 399.4096 0 
20.812 401.9391 0 
20.8025 404.4549 0 
20.7963 406.9562 0 
20.7935 409.4426 0 
20.7943 411.9133 0 
20.7988 414.3677 0 
20.8072 416.8052 0 
20.8197 419.225 0 
20.8364 421.6265 0 
20.8577 424.009 0 
20.8836 426.3717 0 
20.9145 428.714 0 
20.9506 431.0351 0 
20.9921 433.3342 0 
21.0393 435.6106 0 
21.0925 437.8635 0 
21.152 440.0922 0 
21.218 442.2957 0 
21.2909 444.4733 0 
21.3711 446.6243 0 
21.4589 448.7476 0 
21.5546 450.8425 0 
21.6587 452.9081 0 
21.7715 454.9436 0 
21.8935 456.948 0 
22.025 458.9204 0 
22.1666 460.8599 0 
22.3185 462.7657 0 
22.4813 464.6366 0 
22.6554 466.4719 0 
22.8412 468.2705 0 
23.0391 470.0314 0 
23.2494 471.7537 0 
23.4727 473.4363 0 
23.7091 475.0782 0 
23.9589 476.6784 0 
24.2222 478.2359 0 
24.4992 479.7495 0 
24.7897 481.2183 0 
25.0936 482.6411 0 
25.4105 484.0168 0 
25.7397 485.3444 0 
26.0804 486.6227 0 
26.4314 487.8506 0 
26.7913 489.0269 0 
27.1583 490.1505 0 
27.53 491.2202 0 
27.9039 492.2348 0 
28.2767 493.1931 0 
28.6451 494.0939 0 
29.0048 494.9361 0 
29.3516 495.7183 0 
29.6806 496.4392 0 
29.9867 497.0978 0 
30.2647 497.6926 0 
30.5092 498.2224 0 
30.7148 498.6859 0 
30.8764 499.0818 0 
30.9889 499.4087 0 
31.0479 499.6653 0 
31.0495 499.8503 0 
30.9903 499.9624 0 
30.8679 500 0 
