 ---------------------------------------------------------------
 Surface and Strip Forces by surface

  Forces referred to Sref, Cref, Bref about Xref, Yref, Zref
 Standard axis orientation,  X fwd, Z down         

  Surface # 1     Main                                    
     # Chordwise = 10   # Spanwise = 35     First strip =  1
     Surface area =    0.038514       Ave. chord =    0.070184
     CLsurf  =   0.17500     Clsurf  =  -0.03526
     CYsurf  =   0.00030     Cmsurf  =   0.00879
     CDsurf  =   0.00525     Cnsurf  =   0.00179
     CDisurf =   0.00133     CDvsurf =   0.00392

  Forces referred to Ssurf, Cave about hinge axis thru LE
     CLsurf  =   0.34988     CDsurf  =   0.01049
     Deflect =

 Strip Forces referred to Strip Area, Chord
    j      Yle    Chord     Area     c cl      ai      cl_norm  cl       cd       cdv    cm_c/4    cm_LE  C.P.x/c
     1   0.0081   0.0927   0.0015   0.0374   0.0252   0.4039   0.4039   0.0133   0.0083  -0.1638  -0.2646    0.655
     2   0.0243   0.0924   0.0015   0.0373   0.0248   0.4037   0.4036   0.0132   0.0083  -0.1635  -0.2643    0.655
     3   0.0416   0.0919   0.0017   0.0370   0.0241   0.4031   0.4030   0.0131   0.0083  -0.1630  -0.2635    0.654
     4   0.0600   0.0912   0.0017   0.0366   0.0233   0.4018   0.4016   0.0129   0.0083  -0.1621  -0.2623    0.654
     5   0.0793   0.0903   0.0018   0.0361   0.0224   0.3998   0.3996   0.0127   0.0082  -0.1609  -0.2605    0.653
     6   0.0994   0.0892   0.0018   0.0354   0.0211   0.3969   0.3967   0.0124   0.0082  -0.1593  -0.2582    0.652
     7   0.1166   0.0882   0.0013   0.0347   0.0202   0.3936   0.3933   0.0122   0.0082  -0.1577  -0.2557    0.651
     8   0.1309   0.0873   0.0012   0.0340   0.0193   0.3900   0.3897   0.0120   0.0081  -0.1561  -0.2532    0.650
     9   0.1451   0.0863   0.0012   0.0333   0.0187   0.3859   0.3856   0.0117   0.0081  -0.1543  -0.2504    0.650
    10   0.1633   0.0851   0.0019   0.0324   0.0175   0.3813   0.3809   0.0114   0.0081  -0.1522  -0.2470    0.650
    11   0.1854   0.0834   0.0018   0.0312   0.0159   0.3751   0.3747   0.0110   0.0080  -0.1495  -0.2428    0.649
    12   0.2040   0.0820   0.0012   0.0302   0.0148   0.3691   0.3686   0.0107   0.0079  -0.1470  -0.2387    0.649
    13   0.2191   0.0807   0.0012   0.0293   0.0139   0.3634   0.3629   0.0105   0.0079  -0.1447  -0.2349    0.649
    14   0.2341   0.0794   0.0012   0.0283   0.0131   0.3574   0.3569   0.0102   0.0078  -0.1424  -0.2311    0.649
    15   0.2491   0.0781   0.0012   0.0274   0.0123   0.3516   0.3510   0.0100   0.0078  -0.1401  -0.2272    0.649
    16   0.2643   0.0766   0.0012   0.0264   0.0114   0.3456   0.3450   0.0097   0.0078  -0.1378  -0.2235    0.649
    17   0.2794   0.0751   0.0011   0.0254   0.0107   0.3393   0.3387   0.0095   0.0077  -0.1354  -0.2195    0.650
    18   0.2945   0.0735   0.0011   0.0244   0.0099   0.3332   0.3324   0.0093   0.0077  -0.1331  -0.2154    0.650
    19   0.3096   0.0718   0.0011   0.0234   0.0091   0.3271   0.3263   0.0091   0.0076  -0.1308  -0.2116    0.651
    20   0.3246   0.0701   0.0010   0.0224   0.0084   0.3206   0.3199   0.0089   0.0076  -0.1284  -0.2077    0.651
    21   0.3395   0.0682   0.0010   0.0214   0.0077   0.3148   0.3137   0.0087   0.0075  -0.1262  -0.2036    0.652
    22   0.3545   0.0661   0.0010   0.0204   0.0070   0.3090   0.3080   0.0086   0.0075  -0.1241  -0.2000    0.653
    23   0.3693   0.0641   0.0009   0.0193   0.0064   0.3028   0.3018   0.0084   0.0075  -0.1218  -0.1963    0.654
    24   0.3841   0.0618   0.0009   0.0183   0.0057   0.2976   0.2961   0.0082   0.0074  -0.1198  -0.1924    0.655
    25   0.3988   0.0593   0.0009   0.0173   0.0052   0.2926   0.2911   0.0081   0.0074  -0.1180  -0.1894    0.655
    26   0.4134   0.0569   0.0008   0.0162   0.0048   0.2870   0.2855   0.0080   0.0074  -0.1160  -0.1861    0.656
    27   0.4279   0.0541   0.0008   0.0152   0.0043   0.2830   0.2808   0.0079   0.0073  -0.1143  -0.1825    0.657
    28   0.4424   0.0511   0.0007   0.0141   0.0038   0.2790   0.2768   0.0078   0.0073  -0.1129  -0.1802    0.658
    29   0.4568   0.0480   0.0007   0.0131   0.0036   0.2742   0.2720   0.0078   0.0073  -0.1114  -0.1774    0.659
    30   0.4711   0.0447   0.0006   0.0120   0.0034   0.2715   0.2682   0.0077   0.0073  -0.1101  -0.1742    0.660
    31   0.4854   0.0409   0.0006   0.0108   0.0033   0.2684   0.2651   0.0077   0.0073  -0.1092  -0.1725    0.662
    32   0.4995   0.0372   0.0005   0.0097   0.0038   0.2633   0.2601   0.0077   0.0072  -0.1080  -0.1701    0.665
    33   0.5137   0.0330   0.0005   0.0084   0.0046   0.2594   0.2545   0.0078   0.0072  -0.1069  -0.1662    0.670
    34   0.5279   0.0284   0.0004   0.0069   0.0072   0.2496   0.2449   0.0081   0.0072  -0.1056  -0.1625    0.681
    35   0.5419   0.0238   0.0003   0.0051   0.0191   0.2179   0.2138   0.0087   0.0071  -0.0995  -0.1490    0.715

  Surface # 2     Main (YDUP)                             
     # Chordwise = 10   # Spanwise = 35     First strip = 36
     Surface area =    0.038514       Ave. chord =    0.070184
     CLsurf  =   0.17500     Clsurf  =   0.03526
     CYsurf  =  -0.00030     Cmsurf  =   0.00879
     CDsurf  =   0.00525     Cnsurf  =  -0.00179
     CDisurf =   0.00133     CDvsurf =   0.00392

  Forces referred to Ssurf, Cave about hinge axis thru LE
     CLsurf  =   0.34988     CDsurf  =   0.01049
     Deflect =

 Strip Forces referred to Strip Area, Chord
    j      Yle    Chord     Area     c cl      ai      cl_norm  cl       cd       cdv    cm_c/4    cm_LE  C.P.x/c
    36  -0.0081   0.0927   0.0015   0.0374   0.0252   0.4039   0.4039   0.0133   0.0083  -0.1638   0.2646    0.655
    37  -0.0243   0.0924   0.0015   0.0373   0.0248   0.4037   0.4036   0.0132   0.0083  -0.1635   0.2643    0.655
    38  -0.0416   0.0919   0.0017   0.0370   0.0241   0.4031   0.4030   0.0131   0.0083  -0.1630   0.2635    0.654
    39  -0.0600   0.0912   0.0017   0.0366   0.0233   0.4018   0.4016   0.0129   0.0083  -0.1621   0.2623    0.654
    40  -0.0793   0.0903   0.0018   0.0361   0.0224   0.3998   0.3996   0.0127   0.0082  -0.1609   0.2605    0.653
    41  -0.0994   0.0892   0.0018   0.0354   0.0211   0.3969   0.3967   0.0124   0.0082  -0.1593   0.2582    0.652
    42  -0.1166   0.0882   0.0013   0.0347   0.0202   0.3936   0.3933   0.0122   0.0082  -0.1577   0.2557    0.651
    43  -0.1309   0.0873   0.0012   0.0340   0.0193   0.3900   0.3897   0.0120   0.0081  -0.1561   0.2532    0.650
    44  -0.1451   0.0863   0.0012   0.0333   0.0187   0.3859   0.3856   0.0117   0.0081  -0.1543   0.2504    0.650
    45  -0.1633   0.0851   0.0019   0.0324   0.0175   0.3813   0.3809   0.0114   0.0081  -0.1522   0.2470    0.650
    46  -0.1854   0.0834   0.0018   0.0312   0.0159   0.3751   0.3747   0.0110   0.0080  -0.1495   0.2428    0.649
    47  -0.2040   0.0820   0.0012   0.0302   0.0148   0.3691   0.3686   0.0107   0.0079  -0.1470   0.2387    0.649
    48  -0.2191   0.0807   0.0012   0.0293   0.0139   0.3634   0.3629   0.0105   0.0079  -0.1447   0.2349    0.649
    49  -0.2341   0.0794   0.0012   0.0283   0.0131   0.3574   0.3569   0.0102   0.0078  -0.1424   0.2311    0.649
    50  -0.2491   0.0781   0.0012   0.0274   0.0123   0.3516   0.3510   0.0100   0.0078  -0.1401   0.2272    0.649
    51  -0.2643   0.0766   0.0012   0.0264   0.0114   0.3456   0.3450   0.0097   0.0078  -0.1378   0.2235    0.649
    52  -0.2794   0.0751   0.0011   0.0254   0.0107   0.3393   0.3387   0.0095   0.0077  -0.1354   0.2195    0.650
    53  -0.2945   0.0735   0.0011   0.0244   0.0099   0.3332   0.3324   0.0093   0.0077  -0.1331   0.2154    0.650
    54  -0.3096   0.0718   0.0011   0.0234   0.0091   0.3271   0.3263   0.0091   0.0076  -0.1308   0.2116    0.651
    55  -0.3246   0.0701   0.0010   0.0224   0.0084   0.3206   0.3199   0.0089   0.0076  -0.1284   0.2077    0.651
    56  -0.3395   0.0682   0.0010   0.0214   0.0077   0.3148   0.3137   0.0087   0.0075  -0.1262   0.2036    0.652
    57  -0.3545   0.0661   0.0010   0.0204   0.0070   0.3090   0.3080   0.0086   0.0075  -0.1241   0.2000    0.653
    58  -0.3693   0.0641   0.0009   0.0193   0.0064   0.3028   0.3018   0.0084   0.0075  -0.1218   0.1963    0.654
    59  -0.3841   0.0618   0.0009   0.0183   0.0057   0.2976   0.2961   0.0082   0.0074  -0.1198   0.1924    0.655
    60  -0.3988   0.0593   0.0009   0.0173   0.0052   0.2926   0.2911   0.0081   0.0074  -0.1180   0.1894    0.655
    61  -0.4134   0.0569   0.0008   0.0162   0.0048   0.2870   0.2855   0.0080   0.0074  -0.1160   0.1861    0.656
    62  -0.4279   0.0541   0.0008   0.0152   0.0043   0.2830   0.2808   0.0079   0.0073  -0.1143   0.1825    0.657
    63  -0.4424   0.0511   0.0007   0.0141   0.0038   0.2790   0.2768   0.0078   0.0073  -0.1129   0.1802    0.658
    64  -0.4568   0.0480   0.0007   0.0131   0.0036   0.2742   0.2720   0.0078   0.0073  -0.1114   0.1774    0.659
    65  -0.4711   0.0447   0.0006   0.0120   0.0034   0.2715   0.2682   0.0077   0.0073  -0.1101   0.1742    0.660
    66  -0.4854   0.0409   0.0006   0.0108   0.0033   0.2684   0.2651   0.0077   0.0073  -0.1092   0.1725    0.662
    67  -0.4995   0.0372   0.0005   0.0097   0.0038   0.2633   0.2601   0.0077   0.0072  -0.1080   0.1701    0.665
    68  -0.5137   0.0330   0.0005   0.0084   0.0046   0.2594   0.2545   0.0078   0.0072  -0.1069   0.1662    0.670
    69  -0.5279   0.0284   0.0004   0.0069   0.0072   0.2496   0.2449   0.0081   0.0072  -0.1056   0.1625    0.681
    70  -0.5419   0.0238   0.0003   0.0051   0.0191   0.2179   0.2138   0.0087   0.0071  -0.0995   0.1490    0.715
 ---------------------------------------------------------------
