f12g
 1.0005255     0.0023321
 0.9970515     0.0033950
 0.9908036     0.0052444
 0.9834717     0.0073359
 0.9754817     0.0095429
 0.9671309     0.0117616
 0.9585806     0.0139516
 0.9499355     0.0160889
 0.9412313     0.0181660
 0.9324836     0.0201824
 0.9237017     0.0221386
 0.9148884     0.0240370
 0.9060467     0.0258796
 0.8971781     0.0276688
 0.8882829     0.0294075
 0.8793638     0.0310980
 0.8704236     0.0327418
 0.8614599     0.0343416
 0.8524732     0.0359006
 0.8434658     0.0374210
 0.8344383     0.0389052
 0.8253914     0.0403557
 0.8163268     0.0417747
 0.8072448     0.0431644
 0.7981463     0.0445269
 0.7890321     0.0458625
 0.7799023     0.0471684
 0.7707580     0.0484507
 0.7616000     0.0497143
 0.7524290     0.0509620
 0.7432460     0.0521960
 0.7340531     0.0534180
 0.7248520     0.0546297
 0.7156465     0.0558319
 0.7064435     0.0570244
 0.6972520     0.0582047
 0.6880767     0.0593687
 0.6789178     0.0605127
 0.6697754     0.0616328
 0.6606481     0.0627254
 0.6515355     0.0637872
 0.6424366     0.0648153
 0.6333487     0.0658065
 0.6242711     0.0667587
 0.6152023     0.0676693
 0.6061403     0.0685364
 0.5970835     0.0693585
 0.5880307     0.0701340
 0.5789800     0.0708619
 0.5699301     0.0715413
 0.5608795     0.0721719
 0.5518273     0.0727533
 0.5427725     0.0732854
 0.5337139     0.0737685
 0.5246511     0.0742028
 0.5155832     0.0745889
 0.5065102     0.0749276
 0.4974321     0.0752192
 0.4883480     0.0754647
 0.4792596     0.0756650
 0.4701666     0.0758206
 0.4610711     0.0759324
 0.4519759     0.0760003
 0.4428813     0.0760238
 0.4337874     0.0760023
 0.4246911     0.0759354
 0.4155863     0.0758239
 0.4064695     0.0756703
 0.3973431     0.0754771
 0.3882096     0.0752460
 0.3790711     0.0749783
 0.3699308     0.0746750
 0.3607908     0.0743362
 0.3516532     0.0739620
 0.3425207     0.0735521
 0.3333942     0.0731055
 0.3242754     0.0726216
 0.3151660     0.0720990
 0.3060665     0.0715363
 0.2969773     0.0709323
 0.2878998     0.0702853
 0.2788335     0.0695938
 0.2697786     0.0688564
 0.2607355     0.0680717
 0.2517037     0.0672382
 0.2426828     0.0663548
 0.2336734     0.0654204
 0.2246750     0.0644340
 0.2156875     0.0633950
 0.2067117     0.0623028
 0.1977478     0.0611573
 0.1887972     0.0600245
 0.1798611     0.0587011
 0.1709414     0.0573951
 0.1620409     0.0560273
 0.1531622     0.0545998
 0.1443086     0.0531109
 0.1354849     0.0515588
 0.1266979     0.0499414
 0.1179551     0.0482554
 0.1092646     0.0464972
 0.1006366     0.0446625
 0.0920887     0.0427471
 0.0836320     0.0407424
 0.0752799     0.0386425
 0.0670638     0.0364442
 0.0590235     0.0341442
 0.0512168     0.0317437
 0.0437289     0.0292538
 0.0366814     0.0267022
 0.0302278     0.0241403
 0.0245199     0.0216397
 0.0196530     0.0192749
 0.0156220     0.0170933
 0.0123376     0.0151075
 0.0096739     0.0133111
 0.0075067     0.0116622
 0.0057357     0.0101388
 0.0042858     0.0087156
 0.0031016     0.0073716
 0.0021440     0.0060913
 0.0013849     0.0048614
 0.0008049     0.0036847
 0.0003907     0.0025354
 0.0001289     0.0014432
 0.0000082     0.0004154
 0.0000464    -0.0005619
 0.0003070    -0.0015750
 0.0008049    -0.0025759
 0.0015128    -0.0035341
 0.0024235    -0.0044667
 0.0035378    -0.0053813
 0.0048667    -0.0062958
 0.0064447    -0.0072240
 0.0083268    -0.0081820
 0.0105898    -0.0091956
 0.0133384    -0.0102869
 0.0167236    -0.0114751
 0.0209227    -0.0127824
 0.0260749    -0.0142060
 0.0322216    -0.0157140
 0.0392459    -0.0172563
 0.0469245    -0.0187725
 0.0550402    -0.0202255
 0.0634342    -0.0215988
 0.0720083    -0.0228897
 0.0807046    -0.0241016
 0.0894875    -0.0252397
 0.0983327    -0.0263092
 0.1072273    -0.0273139
 0.1161695    -0.0282601
 0.1251492    -0.0291533
 0.1341590    -0.0299969
 0.1431957    -0.0307945
 0.1522552    -0.0315495
 0.1613336    -0.0322648
 0.1704246    -0.0329428
 0.1795230    -0.0335839
 0.1886274    -0.0342387
 0.1977373    -0.0347622
 0.2068513    -0.0352956
 0.2159696    -0.0357927
 0.2250909    -0.0362535
 0.2342147    -0.0366779
 0.2433411    -0.0370664
 0.2524690    -0.0374187
 0.2615980    -0.0377349
 0.2707275    -0.0380150
 0.2798574    -0.0382586
 0.2889871    -0.0384658
 0.2981154    -0.0386361
 0.3072434    -0.0387692
 0.3163695    -0.0388650
 0.3254938    -0.0389229
 0.3346165    -0.0389427
 0.3437364    -0.0389239
 0.3528536    -0.0388660
 0.3619682    -0.0387687
 0.3710794    -0.0386316
 0.3801868    -0.0384540
 0.3892904    -0.0382356
 0.3983895    -0.0379760
 0.4074832    -0.0376743
 0.4165712    -0.0373301
 0.4256521    -0.0369426
 0.4347235    -0.0365112
 0.4437829    -0.0360344
 0.4528290    -0.0355105
 0.4618598    -0.0349373
 0.4708779    -0.0343121
 0.4798914    -0.0336329
 0.4889089    -0.0329002
 0.4979317    -0.0321162
 0.5069608    -0.0312825
 0.5159967    -0.0304011
 0.5250393    -0.0294740
 0.5340888    -0.0285032
 0.5431453    -0.0274908
 0.5522087    -0.0264387
 0.5612790    -0.0253491
 0.5703564    -0.0242240
 0.5794413    -0.0230654
 0.5885341    -0.0218755
 0.5976351    -0.0206563
 0.6067447    -0.0194102
 0.6158632    -0.0181393
 0.6249921    -0.0168456
 0.6341323    -0.0155319
 0.6432833    -0.0142005
 0.6524499    -0.0128531
 0.6616306    -0.0114949
 0.6708233    -0.0101278
 0.6800273    -0.0087559
 0.6892292    -0.0073855
 0.6984152    -0.0060232
 0.7075781    -0.0046748
 0.7167135    -0.0033463
 0.7258168    -0.0020443
 0.7348841    -0.0007762
 0.7439107     0.0004497
 0.7528910     0.0016234
 0.7618243     0.0027349
 0.7707135     0.0037753
 0.7795615     0.0047363
 0.7883738     0.0056106
 0.7971560     0.0063941
 0.8059143     0.0070826
 0.8146557     0.0076673
 0.8233862     0.0081446
 0.8321121     0.0085130
 0.8408390     0.0087721
 0.8495713     0.0089223
 0.8583133     0.0089651
 0.8670680     0.0089023
 0.8758368     0.0087362
 0.8846230     0.0084692
 0.8934300     0.0081050
 0.9022584     0.0076478
 0.9111071     0.0071016
 0.9199752     0.0064703
 0.9288609     0.0057581
 0.9377627     0.0049689
 0.9466730     0.0041076
 0.9555766     0.0031794
 0.9644464     0.0021927
 0.9731612     0.0011662
 0.9815577     0.0001166
 0.9893034    -0.0008792
 0.9958640    -0.0017463
 0.9994745    -0.0022395
