f5g
 1.0004537     0.0017566
 0.9969801     0.0029722
 0.9907328     0.0050875
 0.9834015     0.0074809
 0.9754123     0.0100073
 0.9670622     0.0125459
 0.9585127     0.0150499
 0.9498684     0.0174917
 0.9411650     0.0198618
 0.9324181     0.0221591
 0.9236369     0.0243837
 0.9148245     0.0265374
 0.9059835     0.0286222
 0.8971157     0.0306402
 0.8882213     0.0325937
 0.8793030     0.0344850
 0.8703635     0.0363150
 0.8614006     0.0380865
 0.8524147     0.0398022
 0.8434080     0.0414646
 0.8343813     0.0430759
 0.8253352     0.0446387
 0.8162713     0.0461554
 0.8071900     0.0476284
 0.7980923     0.0490608
 0.7889788     0.0504536
 0.7798498     0.0518045
 0.7707062     0.0531207
 0.7615490     0.0544085
 0.7523787     0.0556720
 0.7431965     0.0569147
 0.7340042     0.0581397
 0.7248040     0.0593495
 0.7155992     0.0605462
 0.7063969     0.0617301
 0.6972060     0.0628994
 0.6880315     0.0640500
 0.6788733     0.0651784
 0.6697316     0.0662807
 0.6606050     0.0673534
 0.6514931     0.0683932
 0.6423948     0.0693971
 0.6333077     0.0703620
 0.6242307     0.0712856
 0.6151626     0.0721656
 0.6061013     0.0730000
 0.5970451     0.0737873
 0.5879930     0.0745261
 0.5789430     0.0752153
 0.5698937     0.0758543
 0.5608439     0.0764427
 0.5517923     0.0769805
 0.5427382     0.0774678
 0.5336802     0.0779049
 0.5246180     0.0782926
 0.5155508     0.0786314
 0.5064784     0.0789225
 0.4974010     0.0791665
 0.4883175     0.0793648
 0.4792297     0.0795184
 0.4701374     0.0796282
 0.4610426     0.0796953
 0.4519480     0.0797194
 0.4428540     0.0796996
 0.4337607     0.0796351
 0.4246651     0.0795252
 0.4155608     0.0793705
 0.4064447     0.0791739
 0.3973189     0.0789380
 0.3881860     0.0786645
 0.3790481     0.0783550
 0.3699084     0.0780102
 0.3607691     0.0776305
 0.3516320     0.0772158
 0.3425001     0.0767657
 0.3333742     0.0762793
 0.3242560     0.0757554
 0.3151472     0.0751929
 0.3060483     0.0745900
 0.2969597     0.0739452
 0.2878827     0.0732569
 0.2788171     0.0725231
 0.2697627     0.0717424
 0.2607202     0.0709132
 0.2516889     0.0700338
 0.2426687     0.0691031
 0.2336598     0.0681198
 0.2246619     0.0670827
 0.2156750     0.0659912
 0.2066997     0.0648448
 0.1977364     0.0636431
 0.1887863     0.0624542
 0.1798508     0.0610687
 0.1709317     0.0597009
 0.1620317     0.0582684
 0.1531535     0.0567738
 0.1443004     0.0552153
 0.1354773     0.0535914
 0.1266908     0.0518998
 0.1179485     0.0501374
 0.1092585     0.0483001
 0.1006310     0.0463839
 0.0920836     0.0443845
 0.0836274     0.0422926
 0.0752757     0.0401022
 0.0670601     0.0378100
 0.0590203     0.0354127
 0.0512140     0.0329116
 0.0437266     0.0303183
 0.0366794     0.0276621
 0.0302262     0.0249962
 0.0245186     0.0223954
 0.0196520     0.0199375
 0.0156212     0.0176714
 0.0123370     0.0156100
 0.0096734     0.0137478
 0.0075063     0.0120384
 0.0057354     0.0104603
 0.0042856     0.0089877
 0.0031014     0.0075979
 0.0021439     0.0062749
 0.0013848     0.0050056
 0.0008048     0.0037929
 0.0003907     0.0026057
 0.0001288     0.0014859
 0.0000082     0.0004406
 0.0000464    -0.0005362
 0.0003070    -0.0015069
 0.0008049    -0.0024669
 0.0015129    -0.0033813
 0.0024237    -0.0042675
 0.0035380    -0.0051339
 0.0048670    -0.0059984
 0.0064451    -0.0068736
 0.0083273    -0.0077741
 0.0105904    -0.0087250
 0.0133392    -0.0097473
 0.0167245    -0.0108566
 0.0209239    -0.0120742
 0.0260764    -0.0133969
 0.0322235    -0.0147931
 0.0392482    -0.0162191
 0.0469272    -0.0176175
 0.0550434    -0.0189543
 0.0634379    -0.0202150
 0.0720126    -0.0213972
 0.0807093    -0.0225045
 0.0894927    -0.0235421
 0.0983385    -0.0245148
 0.1072336    -0.0254260
 0.1161763    -0.0262813
 0.1251566    -0.0270864
 0.1341669    -0.0278444
 0.1432042    -0.0285591
 0.1522642    -0.0292334
 0.1613432    -0.0298707
 0.1704347    -0.0304732
 0.1795337    -0.0310419
 0.1886386    -0.0316239
 0.1977491    -0.0320810
 0.2068637    -0.0325478
 0.2159825    -0.0329804
 0.2251044    -0.0333785
 0.2342288    -0.0337421
 0.2433558    -0.0340714
 0.2524843    -0.0343663
 0.2616139    -0.0346267
 0.2707440    -0.0348522
 0.2798745    -0.0350425
 0.2890047    -0.0351975
 0.2981336    -0.0353163
 0.3072622    -0.0353987
 0.3163889    -0.0354443
 0.3255138    -0.0354521
 0.3346371    -0.0354219
 0.3437576    -0.0353530
 0.3528754    -0.0352449
 0.3619907    -0.0350969
 0.3711025    -0.0349087
 0.3802104    -0.0346796
 0.3893147    -0.0344090
 0.3984144    -0.0340967
 0.4075088    -0.0337420
 0.4165973    -0.0333444
 0.4256788    -0.0329036
 0.4347509    -0.0324187
 0.4438110    -0.0318885
 0.4528576    -0.0313109
 0.4618891    -0.0306835
 0.4709078    -0.0300031
 0.4799220    -0.0292677
 0.4889401    -0.0284780
 0.4979636    -0.0276362
 0.5069933    -0.0267443
 0.5160298    -0.0258047
 0.5250731    -0.0248196
 0.5341233    -0.0237912
 0.5431804    -0.0227219
 0.5522445    -0.0216140
 0.5613155    -0.0204697
 0.5703936    -0.0192913
 0.5794791    -0.0180810
 0.5885726    -0.0168410
 0.5976742    -0.0155738
 0.6067845    -0.0142815
 0.6159038    -0.0129664
 0.6250333    -0.0116307
 0.6341743    -0.0102770
 0.6433259    -0.0089078
 0.6524932    -0.0075246
 0.6616746    -0.0061329
 0.6708680    -0.0047342
 0.6800728    -0.0033328
 0.6892754    -0.0019353
 0.6984621    -0.0005480
 0.7076258     0.0008229
 0.7167618     0.0021714
 0.7258659     0.0034904
 0.7349339     0.0047716
 0.7439612     0.0060058
 0.7529422     0.0071821
 0.7618762     0.0082893
 0.7707661     0.0093174
 0.7796148     0.0102569
 0.7884279     0.0110994
 0.7972108     0.0118396
 0.8059698     0.0124734
 0.8147119     0.0129908
 0.8234431     0.0133876
 0.8321698     0.0136618
 0.8408973     0.0138127
 0.8496304     0.0138405
 0.8583732     0.0137463
 0.8671286     0.0135320
 0.8758980     0.0131997
 0.8846850     0.0127516
 0.8934927     0.0121915
 0.9023219     0.0115236
 0.9111713     0.0107520
 0.9200402     0.0098808
 0.9289266     0.0089139
 0.9378291     0.0078555
 0.9467403     0.0067108
 0.9556445     0.0054851
 0.9645151     0.0041882
 0.9732307     0.0028430
 0.9816279     0.0014715
 0.9893742     0.0001687
 0.9959355    -0.0009677
 0.9995463    -0.0016143
