f8g
 1.0004723     0.0019474
 0.9969986     0.0031091
 0.9907511     0.0051307
 0.9834197     0.0074176
 0.9754302     0.0098314
 0.9670800     0.0122573
 0.9585303     0.0146505
 0.9498857     0.0169850
 0.9411822     0.0192518
 0.9324351     0.0214501
 0.9236537     0.0235801
 0.9148410     0.0256438
 0.9059999     0.0276433
 0.8971319     0.0295807
 0.8882372     0.0314585
 0.8793187     0.0332791
 0.8703791     0.0350435
 0.8614159     0.0367545
 0.8524298     0.0384150
 0.8434229     0.0400274
 0.8343961     0.0415940
 0.8253497     0.0431173
 0.8162857     0.0445996
 0.8072042     0.0460434
 0.7981062     0.0474512
 0.7889926     0.0488240
 0.7798633     0.0501591
 0.7707196     0.0514635
 0.7615622     0.0527429
 0.7523917     0.0540009
 0.7432093     0.0552406
 0.7340169     0.0564647
 0.7248164     0.0576753
 0.7156114     0.0588741
 0.7064090     0.0600612
 0.6972179     0.0612344
 0.6880432     0.0623899
 0.6788848     0.0635239
 0.6697429     0.0646326
 0.6606162     0.0657125
 0.6515041     0.0667602
 0.6424056     0.0677727
 0.6333183     0.0687470
 0.6242412     0.0696809
 0.6151729     0.0705718
 0.6061114     0.0714178
 0.5970550     0.0722175
 0.5880028     0.0729694
 0.5789525     0.0736723
 0.5699031     0.0743257
 0.5608531     0.0749291
 0.5518014     0.0754825
 0.5427471     0.0759857
 0.5336889     0.0764391
 0.5246266     0.0768434
 0.5155591     0.0771990
 0.5064866     0.0775070
 0.4974090     0.0777679
 0.4883254     0.0779830
 0.4792374     0.0781532
 0.4701450     0.0782793
 0.4610499     0.0783623
 0.4519552     0.0784019
 0.4428610     0.0783975
 0.4337676     0.0783483
 0.4246718     0.0782537
 0.4155674     0.0781143
 0.4064511     0.0779330
 0.3973251     0.0777123
 0.3881921     0.0774539
 0.3790540     0.0771592
 0.3699142     0.0768292
 0.3607747     0.0764640
 0.3516375     0.0760637
 0.3425054     0.0756279
 0.3333794     0.0751556
 0.3242610     0.0746460
 0.3151520     0.0740976
 0.3060530     0.0735090
 0.2969642     0.0728787
 0.2878871     0.0722051
 0.2788213     0.0714864
 0.2697668     0.0707211
 0.2607241     0.0699076
 0.2516927     0.0690445
 0.2426723     0.0681306
 0.2336633     0.0671647
 0.2246653     0.0661456
 0.2156782     0.0650727
 0.2067028     0.0639456
 0.1977393     0.0627637
 0.1887891     0.0615948
 0.1798534     0.0602313
 0.1709342     0.0588853
 0.1620341     0.0574758
 0.1531557     0.0560050
 0.1443025     0.0544711
 0.1354792     0.0528727
 0.1266926     0.0512073
 0.1179502     0.0494720
 0.1092600     0.0476627
 0.1006324     0.0457754
 0.0920849     0.0438057
 0.0836286     0.0417447
 0.0752768     0.0395863
 0.0670610     0.0373273
 0.0590211     0.0349644
 0.0512147     0.0324989
 0.0437272     0.0299422
 0.0366800     0.0273230
 0.0302266     0.0246938
 0.0245190     0.0221284
 0.0196523     0.0197035
 0.0156214     0.0174672
 0.0123372     0.0154326
 0.0096735     0.0135936
 0.0075064     0.0119056
 0.0057355     0.0103468
 0.0042856     0.0088916
 0.0031015     0.0075180
 0.0021439     0.0062101
 0.0013849     0.0049547
 0.0008048     0.0037547
 0.0003907     0.0025809
 0.0001288     0.0014708
 0.0000082     0.0004317
 0.0000464    -0.0005453
 0.0003070    -0.0015309
 0.0008049    -0.0025054
 0.0015128    -0.0034352
 0.0024236    -0.0043377
 0.0035380    -0.0052212
 0.0048669    -0.0061033
 0.0064450    -0.0069972
 0.0083272    -0.0079180
 0.0105903    -0.0088910
 0.0133390    -0.0099376
 0.0167243    -0.0110747
 0.0209236    -0.0123240
 0.0260760    -0.0136822
 0.0322230    -0.0151178
 0.0392476    -0.0165848
 0.0469265    -0.0180247
 0.0550426    -0.0194024
 0.0634369    -0.0207028
 0.0720114    -0.0219233
 0.0807081    -0.0230674
 0.0894914    -0.0241404
 0.0983370    -0.0251471
 0.1072320    -0.0260913
 0.1161745    -0.0269786
 0.1251546    -0.0278146
 0.1341649    -0.0286028
 0.1432019    -0.0293466
 0.1522618    -0.0300493
 0.1613407    -0.0307141
 0.1704320    -0.0313431
 0.1795309    -0.0319373
 0.1886357    -0.0325448
 0.1977460    -0.0330253
 0.2068605    -0.0335155
 0.2159792    -0.0339707
 0.2251009    -0.0343909
 0.2342251    -0.0347759
 0.2433519    -0.0351259
 0.2524803    -0.0354410
 0.2616097    -0.0357210
 0.2707397    -0.0359657
 0.2798700    -0.0361747
 0.2890001    -0.0363480
 0.2981289    -0.0364849
 0.3072573    -0.0365851
 0.3163839    -0.0366483
 0.3255086    -0.0366737
 0.3346317    -0.0366610
 0.3437521    -0.0366097
 0.3528697    -0.0365192
 0.3619848    -0.0363890
 0.3710965    -0.0362187
 0.3802042    -0.0360077
 0.3893084    -0.0357555
 0.3984080    -0.0354616
 0.4075021    -0.0351256
 0.4165905    -0.0347467
 0.4256719    -0.0343246
 0.4347437    -0.0338585
 0.4438037    -0.0333470
 0.4528502    -0.0327882
 0.4618815    -0.0321798
 0.4709000    -0.0315188
 0.4799140    -0.0308031
 0.4889320    -0.0300334
 0.4979553    -0.0292119
 0.5069848    -0.0283405
 0.5160212    -0.0274213
 0.5250643    -0.0264566
 0.5341143    -0.0254484
 0.5431713    -0.0243990
 0.5522351    -0.0233107
 0.5613060    -0.0221856
 0.5703839    -0.0210259
 0.5794692    -0.0198337
 0.5885626    -0.0186113
 0.5976640    -0.0173609
 0.6067741    -0.0160848
 0.6158932    -0.0147852
 0.6250226    -0.0134642
 0.6341634    -0.0121245
 0.6433148    -0.0107686
 0.6524819    -0.0093978
 0.6616632    -0.0080178
 0.6708564    -0.0066302
 0.6800610    -0.0052391
 0.6892634    -0.0038510
 0.6984499    -0.0024724
 0.7076134    -0.0011093
 0.7167492     0.0002323
 0.7258531     0.0015453
 0.7349210     0.0028221
 0.7439481     0.0040534
 0.7529289     0.0052290
 0.7618627     0.0063378
 0.7707524     0.0073704
 0.7796009     0.0083176
 0.7884138     0.0091714
 0.7971965     0.0099270
 0.8059554     0.0105802
 0.8146973     0.0111215
 0.8234283     0.0115469
 0.8321548     0.0118544
 0.8408822     0.0120436
 0.8496151     0.0121148
 0.8583576     0.0120691
 0.8671128     0.0119084
 0.8758821     0.0116348
 0.8846689     0.0112508
 0.8934765     0.0107600
 0.9023054     0.0101666
 0.9111547     0.0094747
 0.9200233     0.0086882
 0.9289096     0.0078114
 0.9378119     0.0068481
 0.9467228     0.0058036
 0.9556269     0.0046830
 0.9644973     0.0034957
 0.9732126     0.0022631
 0.9816097     0.0010054
 0.9893559    -0.0001890
 0.9959169    -0.0012302
 0.9995277    -0.0018226
