f9g
 1.0004967     0.0020483
 0.9970230     0.0034835
 0.9907753     0.0059811
 0.9834437     0.0088080
 0.9754541     0.0117929
 0.9671036     0.0147902
 0.9585537     0.0177440
 0.9499089     0.0206216
 0.9412051     0.0234105
 0.9324578     0.0261089
 0.9236762     0.0287159
 0.9148633     0.0312332
 0.9060220     0.0336621
 0.8971537     0.0360042
 0.8882588     0.0382617
 0.8793401     0.0404363
 0.8704002     0.0425282
 0.8614369     0.0445399
 0.8524505     0.0464744
 0.8434434     0.0483336
 0.8344163     0.0501198
 0.8253697     0.0518358
 0.8163054     0.0534842
 0.8072237     0.0550681
 0.7981255     0.0565913
 0.7890116     0.0580566
 0.7798821     0.0594618
 0.7707381     0.0608161
 0.7615805     0.0621278
 0.7524097     0.0634029
 0.7432270     0.0646468
 0.7340344     0.0658644
 0.7248337     0.0670600
 0.7156284     0.0682370
 0.7064257     0.0693969
 0.6972344     0.0705385
 0.6880594     0.0716581
 0.6789008     0.0727522
 0.6697587     0.0738172
 0.6606317     0.0748496
 0.6515194     0.0758459
 0.6424207     0.0768032
 0.6333331     0.0777184
 0.6242557     0.0785893
 0.6151872     0.0794135
 0.6061255     0.0801890
 0.5970689     0.0809144
 0.5880164     0.0815884
 0.5789660     0.0822100
 0.5699163     0.0827789
 0.5608660     0.0832949
 0.5518141     0.0837581
 0.5427595     0.0841690
 0.5337012     0.0845282
 0.5246386     0.0848367
 0.5155709     0.0850957
 0.5064982     0.0853066
 0.4974203     0.0854704
 0.4883365     0.0855890
 0.4792483     0.0856638
 0.4701556     0.0856961
 0.4610604     0.0856873
 0.4519654     0.0856368
 0.4428710     0.0855433
 0.4337773     0.0854056
 0.4246814     0.0852225
 0.4155767     0.0849946
 0.4064602     0.0847249
 0.3973340     0.0844162
 0.3882007     0.0840707
 0.3790625     0.0836898
 0.3699224     0.0832744
 0.3607827     0.0828248
 0.3516453     0.0823410
 0.3425130     0.0818223
 0.3333868     0.0812675
 0.3242682     0.0806756
 0.3151590     0.0800448
 0.3060597     0.0793733
 0.2969708     0.0786593
 0.2878935     0.0779008
 0.2788274     0.0770957
 0.2697728     0.0762422
 0.2607298     0.0753384
 0.2516983     0.0743826
 0.2426777     0.0733732
 0.2336685     0.0723089
 0.2246702     0.0711884
 0.2156830     0.0700109
 0.2067073     0.0687759
 0.1977436     0.0674827
 0.1887932     0.0662028
 0.1798574     0.0647172
 0.1709379     0.0632498
 0.1620376     0.0617136
 0.1531591     0.0601118
 0.1443056     0.0584427
 0.1354822     0.0567047
 0.1266954     0.0548957
 0.1179528     0.0530125
 0.1092625     0.0510509
 0.1006347     0.0490069
 0.0920869     0.0468759
 0.0836304     0.0446480
 0.0752785     0.0423168
 0.0670625     0.0398790
 0.0590225     0.0373311
 0.0512159     0.0346750
 0.0437282     0.0319230
 0.0366808     0.0291065
 0.0302273     0.0262820
 0.0245195     0.0235286
 0.0196527     0.0209295
 0.0156218     0.0185354
 0.0123375     0.0163599
 0.0096738     0.0143987
 0.0075066     0.0125984
 0.0057356     0.0109384
 0.0042857     0.0093916
 0.0031016     0.0079334
 0.0021440     0.0065470
 0.0013849     0.0052188
 0.0008049     0.0039526
 0.0003907     0.0027095
 0.0001289     0.0015487
 0.0000082     0.0004776
 0.0000464    -0.0004985
 0.0003070    -0.0014071
 0.0008049    -0.0023072
 0.0015128    -0.0031579
 0.0024236    -0.0039766
 0.0035380    -0.0047732
 0.0048669    -0.0055655
 0.0064449    -0.0063641
 0.0083271    -0.0071815
 0.0105901    -0.0080424
 0.0133388    -0.0089656
 0.0167240    -0.0099618
 0.0209233    -0.0110515
 0.0260757    -0.0122303
 0.0322225    -0.0134677
 0.0392470    -0.0147290
 0.0469257    -0.0159610
 0.0550417    -0.0171344
 0.0634359    -0.0182370
 0.0720103    -0.0192674
 0.0807067    -0.0202290
 0.0894899    -0.0211268
 0.0983353    -0.0219654
 0.1072301    -0.0227472
 0.1161726    -0.0234773
 0.1251525    -0.0241613
 0.1341625    -0.0248021
 0.1431994    -0.0254032
 0.1522592    -0.0259677
 0.1613378    -0.0264989
 0.1704290    -0.0269990
 0.1795277    -0.0274701
 0.1886323    -0.0279539
 0.1977424    -0.0283223
 0.2068567    -0.0287000
 0.2159752    -0.0290467
 0.2250967    -0.0293616
 0.2342208    -0.0296448
 0.2433474    -0.0298964
 0.2524756    -0.0301160
 0.2616049    -0.0303033
 0.2707346    -0.0304579
 0.2798648    -0.0305791
 0.2889946    -0.0306665
 0.2981232    -0.0307192
 0.3072515    -0.0307363
 0.3163779    -0.0307173
 0.3255023    -0.0306610
 0.3346253    -0.0305669
 0.3437455    -0.0304340
 0.3528629    -0.0302615
 0.3619778    -0.0300486
 0.3710893    -0.0297949
 0.3801968    -0.0294996
 0.3893008    -0.0291621
 0.3984001    -0.0287822
 0.4074941    -0.0283593
 0.4165823    -0.0278931
 0.4256634    -0.0273835
 0.4347351    -0.0268301
 0.4437948    -0.0262313
 0.4528411    -0.0255847
 0.4618722    -0.0248875
 0.4708905    -0.0241361
 0.4799044    -0.0233281
 0.4889221    -0.0224645
 0.4979452    -0.0215479
 0.5069745    -0.0205808
 0.5160107    -0.0195658
 0.5250535    -0.0185057
 0.5341034    -0.0174030
 0.5431601    -0.0162605
 0.5522237    -0.0150809
 0.5612944    -0.0138667
 0.5703721    -0.0126205
 0.5794572    -0.0113448
 0.5885503    -0.0100420
 0.5976515    -0.0087148
 0.6067614    -0.0073654
 0.6158803    -0.0059963
 0.6250094    -0.0046097
 0.6341499    -0.0032082
 0.6433012    -0.0017944
 0.6524680    -0.0003697
 0.6616490     0.0010603
 0.6708420     0.0024940
 0.6800464     0.0039274
 0.6892486     0.0053536
 0.6984348     0.0067662
 0.7075981     0.0081590
 0.7167337     0.0095255
 0.7258373     0.0108579
 0.7349049     0.0121469
 0.7439318     0.0133820
 0.7529123     0.0145507
 0.7618459     0.0156402
 0.7707354     0.0166387
 0.7795837     0.0175353
 0.7883963     0.0183196
 0.7971788     0.0189850
 0.8059373     0.0195268
 0.8146790     0.0199338
 0.8234098     0.0202007
 0.8321360     0.0203249
 0.8408631     0.0203052
 0.8495957     0.0201413
 0.8583380     0.0198342
 0.8670929     0.0193854
 0.8758619     0.0187968
 0.8846484     0.0180706
 0.8934557     0.0172105
 0.9022844     0.0162208
 0.9111334     0.0151057
 0.9200017     0.0138693
 0.9288876     0.0125158
 0.9377897     0.0110493
 0.9467003     0.0094753
 0.9556041     0.0077997
 0.9644741     0.0060341
 0.9731892     0.0042080
 0.9815859     0.0023512
 0.9893318     0.0005862
 0.9958927    -0.0009556
 0.9995033    -0.0018330
