-51.7625 0 0 
-51.7594 4.9686 -0.17938 
-51.7506 9.8347 -0.35409 
-51.7363 14.5999 -0.52423 
-51.7169 19.2661 -0.68991 
-51.6925 23.835 -0.85123 
-51.6635 28.3083 -1.0083 
-51.6301 32.6878 -1.1612 
-51.5925 36.9752 -1.31 
-51.5509 41.1722 -1.4549 
-51.5055 45.2805 -1.5958 
-51.4564 49.3017 -1.733 
-51.4037 53.2374 -1.8665 
-51.3477 57.0894 -1.9964 
-51.2883 60.8592 -2.1227 
-51.2258 64.5485 -2.2457 
-51.1602 68.1587 -2.3653 
-51.0915 71.6916 -2.4816 
-51.0199 75.1486 -2.5947 
-50.9454 78.5313 -2.7048 
-50.8681 81.8413 -2.8118 
-50.7879 85.08 -2.9159 
-50.705 88.2489 -3.0171 
-50.6194 91.3495 -3.1156 
-50.5311 94.3833 -3.2113 
-50.4401 97.3517 -3.3044 
-50.3464 100.2562 -3.3949 
-50.2501 103.0982 -3.483 
-50.1511 105.8791 -3.5686 
-50.0496 108.6002 -3.6518 
-49.9453 111.263 -3.7328 
-49.8385 113.8688 -3.8115 
-49.729 116.419 -3.888 
-49.6169 118.9148 -3.9625 
-49.5022 121.3577 -4.0349 
-49.3848 123.7488 -4.1053 
-49.2648 126.0896 -4.1739 
-49.1421 128.3811 -4.2405 
-49.0167 130.6248 -4.3053 
-48.8887 132.8218 -4.3684 
-48.758 134.9734 -4.4298 
-48.6245 137.0807 -4.4896 
-48.4884 139.1449 -4.5477 
-48.3496 141.1673 -4.6043 
-48.2081 143.149 -4.6594 
-48.0638 145.0911 -4.7131 
-47.9168 146.9948 -4.7653 
-47.767 148.8612 -4.8162 
-47.6146 150.6913 -4.8658 
-47.4593 152.4863 -4.9141 
-47.3013 154.2472 -4.9612 
-47.1406 155.9751 -5.0071 
-46.9771 157.671 -5.0518 
-46.8109 159.3359 -5.0955 
-46.6419 160.9709 -5.1381 
-46.4701 162.5769 -5.1796 
-46.2956 164.155 -5.2202 
-46.1183 165.706 -5.2598 
-45.9383 167.231 -5.2984 
-45.7556 168.7308 -5.3362 
-45.5702 170.2064 -5.3731 
-45.382 171.6586 -5.4092 
-45.1911 173.0884 -5.4445 
-44.9976 174.4966 -5.479 
-44.8013 175.8841 -5.5128 
-44.6025 177.2518 -5.5458 
-44.4009 178.6003 -5.5782 
-44.1967 179.9306 -5.6099 
-43.99 181.2435 -5.6409 
-43.7806 182.5397 -5.6714 
-43.5686 183.8199 -5.7012 
-43.3542 185.085 -5.7305 
-43.1371 186.3357 -5.7593 
-42.9176 187.5726 -5.7875 
-42.6956 188.7965 -5.8152 
-42.4712 190.0081 -5.8424 
-42.2444 191.2081 -5.8692 
-42.0151 192.397 -5.8955 
-41.7836 193.5755 -5.9214 
-41.5496 194.7443 -5.9468 
-41.3134 195.904 -5.9719 
-41.075 197.0552 -5.9966 
-40.8343 198.1984 -6.0209 
-40.5914 199.3342 -6.0448 
-40.3463 200.4631 -6.0684 
-40.0992 201.5858 -6.0916 
-39.85 202.7026 -6.1146 
-39.5987 203.8142 -6.1372 
-39.3454 204.9209 -6.1595 
-39.0902 206.0233 -6.1815 
-38.8331 207.1219 -6.2033 
-38.5741 208.217 -6.2247 
-38.3132 209.3091 -6.2459 
-38.0506 210.3986 -6.2668 
-37.7862 211.4859 -6.2875 
-37.5202 212.5714 -6.3079 
-37.2525 213.6554 -6.3281 
-36.9832 214.7384 -6.348 
-36.7123 215.8205 -6.3677 
-36.4399 216.9022 -6.3871 
-36.166 217.9838 -6.4063 
-35.8908 219.0655 -6.4253 
-35.6142 220.1476 -6.444 
-35.3362 221.2304 -6.4626 
-35.057 222.3141 -6.4808 
-34.7765 223.3989 -6.4989 
-34.4949 224.4851 -6.5167 
-34.2122 225.5729 -6.5342 
-33.9283 226.6624 -6.5516 
-33.6435 227.7538 -6.5687 
-33.3577 228.8472 -6.5855 
-33.0709 229.9428 -6.6021 
-32.7833 231.0408 -6.6184 
-32.4948 232.1411 -6.6345 
-32.2055 233.2439 -6.6503 
-31.9155 234.3494 -6.6658 
-31.6247 235.4574 -6.6811 
-31.3334 236.5681 -6.696 
-31.0414 237.6816 -6.7107 
-30.7488 238.7978 -6.725 
-30.4557 239.9166 -6.739 
-30.1621 241.0382 -6.7527 
-29.868 242.1625 -6.7661 
-29.5735 243.2894 -6.7791 
-29.2786 244.4188 -6.7918 
-28.9833 245.5507 -6.8041 
-28.6877 246.685 -6.816 
-28.3918 247.8216 -6.8275 
-28.0956 248.9604 -6.8386 
-27.7992 250.1011 -6.8493 
-27.5024 251.2437 -6.8595 
-27.2054 252.388 -6.8693 
-26.9082 253.5339 -6.8786 
-26.6107 254.681 -6.8874 
-26.313 255.8292 -6.8958 
-26.015 256.9782 -6.9036 
-25.7168 258.1279 -6.9109 
-25.4183 259.2779 -6.9176 
-25.1194 260.428 -6.9238 
-24.8202 261.5779 -6.9294 
-24.5206 262.7272 -6.9344 
-24.2206 263.8757 -6.9388 
-23.92 265.023 -6.9425 
-23.6189 266.1688 -6.9456 
-23.3171 267.3126 -6.948 
-23.0146 268.4542 -6.9498 
-22.7113 269.593 -6.9508 
-22.4069 270.7288 -6.9511 
-22.1015 271.861 -6.9507 
-21.7949 272.9892 -6.9496 
-21.4869 274.113 -6.9476 
-21.1773 275.2318 -6.9449 
-20.866 276.3452 -6.9414 
-20.5527 277.4528 -6.9371 
-20.2373 278.5538 -6.9319 
-19.9194 279.6479 -6.9259 
-19.5989 280.7345 -6.9191 
-19.2754 281.8129 -6.9114 
-18.9487 282.8827 -6.9029 
-18.6184 283.9432 -6.8935 
-18.2841 284.9938 -6.8832 
-17.9456 286.0339 -6.8721 
-17.6024 287.0629 -6.8601 
-17.254 288.0799 -6.8472 
-16.9001 289.0845 -6.8336 
-16.5402 290.076 -6.8191 
-16.1739 291.0535 -6.8037 
-15.8006 292.0164 -6.7877 
-15.4198 292.9639 -6.7708 
-15.0311 293.8954 -6.7533 
-14.634 294.8099 -6.7351 
-14.2279 295.7069 -6.7163 
-13.8124 296.5853 -6.697 
-13.3871 297.4445 -6.6772 
-12.9516 298.2837 -6.657 
-12.5056 299.1019 -6.6365 
-12.0488 299.8983 -6.6159 
-11.5812 300.672 -6.5952 
-11.1028 301.4222 -6.5746 
-10.6138 302.148 -6.5541 
-10.1148 302.8484 -6.5341 
-9.6063 303.5224 -6.5145 
-9.0894 304.1692 -6.4956 
-8.5655 304.7878 -6.4775 
-8.0361 305.3772 -6.4604 
-7.5035 305.9364 -6.4444 
-6.9701 306.4643 -6.4297 
-6.4388 306.9601 -6.4162 
-5.9132 307.4225 -6.4042 
-5.3968 307.8507 -6.3935 
-4.8939 308.2434 -6.3843 
-4.4089 308.5996 -6.3764 
-3.9465 308.9182 -6.3699 
-3.5112 309.1981 -6.3646 
-3.108 309.4382 -6.3604 
-2.7412 309.6372 -6.3572 
-2.4152 309.7941 -6.3548 
-2.1338 309.9077 -6.3532 
-1.9003 309.9767 -6.3523 
-1.7172 310 -6.352 
