6.5357 0 0 
6.5351 1.2879 -0.034305 
6.5334 2.5826 -0.068604 
6.5305 3.8843 -0.1029 
6.5266 5.1931 -0.13718 
6.5216 6.5091 -0.17146 
6.5156 7.8324 -0.20573 
6.5087 9.1631 -0.24 
6.5007 10.5014 -0.27425 
6.4918 11.8472 -0.30848 
6.4821 13.2008 -0.34271 
6.4714 14.5621 -0.37691 
6.4599 15.9314 -0.4111 
6.4476 17.3086 -0.44526 
6.4345 18.6938 -0.47941 
6.4206 20.0872 -0.51352 
6.406 21.4888 -0.54761 
6.3907 22.8986 -0.58166 
6.3747 24.3168 -0.61567 
6.3581 25.7433 -0.64965 
6.3408 27.1782 -0.68358 
6.3229 28.6217 -0.71747 
6.3044 30.0736 -0.7513 
6.2854 31.5342 -0.78507 
6.2658 33.0033 -0.81879 
6.2457 34.4811 -0.85244 
6.2251 35.9676 -0.88601 
6.204 37.4628 -0.91952 
6.1825 38.9667 -0.95294 
6.1606 40.4793 -0.98627 
6.1382 42.0007 -1.0195 
6.1155 43.5309 -1.0527 
6.0924 45.0699 -1.0857 
6.069 46.6177 -1.1186 
6.0453 48.1742 -1.1515 
6.0212 49.7395 -1.1842 
5.9969 51.3136 -1.2167 
5.9723 52.8965 -1.2492 
5.9474 54.4881 -1.2815 
5.9223 56.0885 -1.3136 
5.897 57.6975 -1.3456 
5.8716 59.3152 -1.3774 
5.8459 60.9416 -1.4091 
5.8201 62.5766 -1.4405 
5.7941 64.2201 -1.4718 
5.768 65.8722 -1.5029 
5.7418 67.5327 -1.5339 
5.7155 69.2017 -1.5646 
5.6891 70.8791 -1.595 
5.6626 72.5648 -1.6253 
5.636 74.2587 -1.6553 
5.6095 75.9608 -1.6851 
5.5829 77.671 -1.7147 
5.5562 79.3893 -1.7439 
5.5296 81.1155 -1.773 
5.503 82.8496 -1.8017 
5.4763 84.5915 -1.8302 
5.4498 86.3411 -1.8584 
5.4232 88.0984 -1.8863 
5.3967 89.8631 -1.9139 
5.3703 91.6352 -1.9411 
5.3439 93.4147 -1.9681 
5.3176 95.2013 -1.9947 
5.2914 96.995 -2.021 
5.2652 98.7957 -2.0469 
5.2392 100.6033 -2.0725 
5.2133 102.4175 -2.0977 
5.1875 104.2384 -2.1226 
5.1618 106.0656 -2.1471 
5.1363 107.8993 -2.1712 
5.1109 109.739 -2.1949 
5.0856 111.5849 -2.2182 
5.0605 113.4366 -2.2411 
5.0356 115.294 -2.2635 
5.0108 117.157 -2.2856 
4.9861 119.0254 -2.3072 
4.9616 120.8991 -2.3284 
4.9373 122.7779 -2.3492 
4.9132 124.6615 -2.3695 
4.8892 126.5499 -2.3894 
4.8654 128.4429 -2.4088 
4.8418 130.3402 -2.4277 
4.8184 132.2417 -2.4462 
4.7951 134.1472 -2.4641 
4.772 136.0565 -2.4817 
4.7492 137.9693 -2.4987 
4.7264 139.8856 -2.5152 
4.7039 141.8051 -2.5313 
4.6816 143.7275 -2.5469 
4.6594 145.6527 -2.562 
4.6374 147.5804 -2.5766 
4.6156 149.5104 -2.5907 
4.594 151.4425 -2.6043 
4.5725 153.3765 -2.6174 
4.5512 155.3121 -2.63 
4.5301 157.2491 -2.6421 
4.5092 159.1872 -2.6538 
4.4883 161.1262 -2.6649 
4.4677 163.0658 -2.6756 
4.4472 165.0059 -2.6858 
4.4268 166.946 -2.6955 
4.4066 168.8861 -2.7048 
4.3865 170.8257 -2.7136 
4.3666 172.7647 -2.722 
4.3467 174.7027 -2.7299 
4.327 176.6395 -2.7374 
4.3074 178.5748 -2.7445 
4.2879 180.5084 -2.7512 
4.2684 182.4398 -2.7575 
4.2491 184.3689 -2.7635 
4.2298 186.2953 -2.7691 
4.2106 188.2187 -2.7744 
4.1914 190.1389 -2.7793 
4.1723 192.0555 -2.784 
4.1532 193.9682 -2.7884 
4.1342 195.8766 -2.7926 
4.1151 197.7806 -2.7966 
4.0961 199.6796 -2.8004 
4.077 201.5735 -2.8041 
4.0579 203.4619 -2.8077 
4.0388 205.3444 -2.8112 
4.0197 207.2207 -2.8146 
4.0005 209.0905 -2.8181 
3.9812 210.9534 -2.8217 
3.9618 212.809 -2.8254 
3.9423 214.6571 -2.8292 
3.9227 216.4971 -2.8333 
3.903 218.3289 -2.8376 
3.8832 220.152 -2.8423 
3.8631 221.966 -2.8474 
3.8429 223.7706 -2.853 
3.8226 225.5653 -2.8592 
3.802 227.3499 -2.866 
3.7812 229.1238 -2.8735 
3.7601 230.8868 -2.8818 
3.7388 232.6384 -2.8911 
3.7172 234.3783 -2.9013 
3.6953 236.1059 -2.9127 
3.6732 237.821 -2.9253 
3.6507 239.5231 -2.9393 
3.6278 241.2118 -2.9548 
3.6046 242.8866 -2.9719 
3.581 244.5472 -2.9907 
3.557 246.1931 -3.0115 
3.5326 247.824 -3.0344 
3.5077 249.4392 -3.0595 
3.4824 251.0385 -3.0871 
3.4566 252.6214 -3.1173 
3.4303 254.1874 -3.1503 
3.4035 255.7361 -3.1864 
3.3761 257.267 -3.2258 
3.3482 258.7797 -3.2687 
3.3197 260.2737 -3.3154 
3.2906 261.7485 -3.3662 
3.2609 263.2037 -3.4213 
3.2306 264.6388 -3.481 
3.1995 266.0533 -3.5458 
3.1678 267.4468 -3.6158 
3.1354 268.8188 -3.6916 
3.1022 270.1686 -3.7734 
3.0683 271.496 -3.8617 
3.0337 272.8004 -3.9569 
2.9982 274.0812 -4.0595 
2.9619 275.338 -4.1699 
2.9248 276.5702 -4.2886 
2.8868 277.7774 -4.4162 
2.8479 278.9591 -4.5531 
2.8082 280.1146 -4.6999 
2.7675 281.2436 -4.8573 
2.7258 282.3454 -5.0257 
2.6832 283.4195 -5.2058 
2.6396 284.4655 -5.3981 
2.595 285.4826 -5.6032 
2.5493 286.4705 -5.8217 
2.5025 287.4286 -6.054 
2.4547 288.3562 -6.3006 
2.4057 289.253 -6.5618 
2.3556 290.1182 -6.8378 
2.3042 290.9513 -7.1286 
2.2516 291.7518 -7.4341 
2.1978 292.5191 -7.7538 
2.1426 293.2526 -8.0869 
2.0861 293.9518 -8.4324 
2.0282 294.616 -8.7886 
1.9687 295.2447 -9.1535 
1.9078 295.8372 -9.5246 
1.8452 296.3931 -9.8988 
1.781 296.9116 -10.2725 
1.715 297.3922 -10.6416 
1.6472 297.8343 -11.0017 
1.5774 298.2372 -11.348 
1.5057 298.6004 -11.6757 
1.4318 298.9232 -11.9797 
1.3557 299.2051 -12.2552 
1.2773 299.4453 -12.4977 
1.1966 299.6433 -12.7029 
1.1133 299.7984 -12.8671 
1.0276 299.91 -12.9871 
0.93915 299.9774 -13.0604 
0.84806 300 -13.0851 
