-58.821 0 0 
-58.8157 1.2879 -0.034305 
-58.8002 2.5826 -0.068604 
-58.7746 3.8843 -0.1029 
-58.7394 5.1931 -0.13718 
-58.6946 6.5091 -0.17146 
-58.6407 7.8324 -0.20573 
-58.5779 9.1631 -0.24 
-58.5064 10.5014 -0.27425 
-58.4266 11.8472 -0.30848 
-58.3387 13.2008 -0.34271 
-58.2429 14.5621 -0.37691 
-58.1394 15.9314 -0.4111 
-58.0287 17.3086 -0.44526 
-57.9108 18.6938 -0.47941 
-57.7861 20.0872 -0.51352 
-57.6547 21.4888 -0.54761 
-57.517 22.8986 -0.58166 
-57.373 24.3168 -0.61567 
-57.2232 25.7433 -0.64965 
-57.0677 27.1782 -0.68358 
-56.9067 28.6217 -0.71747 
-56.7404 30.0736 -0.7513 
-56.5691 31.5342 -0.78507 
-56.393 33.0033 -0.81879 
-56.2123 34.4811 -0.85244 
-56.0271 35.9676 -0.88601 
-55.8378 37.4628 -0.91952 
-55.6444 38.9667 -0.95294 
-55.4473 40.4793 -0.98627 
-55.2465 42.0007 -1.0195 
-55.0422 43.5309 -1.0527 
-54.8348 45.0699 -1.0857 
-54.6243 46.6177 -1.1186 
-54.4109 48.1742 -1.1515 
-54.1948 49.7395 -1.1842 
-53.9761 51.3136 -1.2167 
-53.7551 52.8965 -1.2492 
-53.5319 54.4881 -1.2815 
-53.3067 56.0885 -1.3136 
-53.0795 57.6975 -1.3456 
-52.8507 59.3152 -1.3774 
-52.6203 60.9416 -1.4091 
-52.3885 62.5766 -1.4405 
-52.1553 64.2201 -1.4718 
-51.9211 65.8722 -1.5029 
-51.6859 67.5327 -1.5339 
-51.4498 69.2017 -1.5646 
-51.2129 70.8791 -1.595 
-50.9755 72.5648 -1.6253 
-50.7376 74.2587 -1.6553 
-50.4993 75.9608 -1.6851 
-50.2608 77.671 -1.7147 
-50.0222 79.3893 -1.7439 
-49.7836 81.1155 -1.773 
-49.5451 82.8496 -1.8017 
-49.3068 84.5915 -1.8302 
-49.0687 86.3411 -1.8584 
-48.8311 88.0984 -1.8863 
-48.594 89.8631 -1.9139 
-48.3575 91.6352 -1.9411 
-48.1216 93.4147 -1.9681 
-47.8865 95.2013 -1.9947 
-47.6522 96.995 -2.021 
-47.4189 98.7957 -2.0469 
-47.1866 100.6033 -2.0725 
-46.9553 102.4175 -2.0977 
-46.7251 104.2384 -2.1226 
-46.4962 106.0656 -2.1471 
-46.2685 107.8993 -2.1712 
-46.0421 109.739 -2.1949 
-45.817 111.5849 -2.2182 
-45.5934 113.4366 -2.2411 
-45.3713 115.294 -2.2635 
-45.1506 117.157 -2.2856 
-44.9315 119.0254 -2.3072 
-44.714 120.8991 -2.3284 
-44.4982 122.7779 -2.3492 
-44.2839 124.6615 -2.3695 
-44.0713 126.5499 -2.3894 
-43.8605 128.4429 -2.4088 
-43.6513 130.3402 -2.4277 
-43.4439 132.2417 -2.4462 
-43.2382 134.1472 -2.4641 
-43.0343 136.0565 -2.4817 
-42.8322 137.9693 -2.4987 
-42.6318 139.8856 -2.5152 
-42.4332 141.8051 -2.5313 
-42.2363 143.7275 -2.5469 
-42.0412 145.6527 -2.562 
-41.8479 147.5804 -2.5766 
-41.6563 149.5104 -2.5907 
-41.4664 151.4425 -2.6043 
-41.2781 153.3765 -2.6174 
-41.0916 155.3121 -2.63 
-40.9067 157.2491 -2.6421 
-40.7234 159.1872 -2.6538 
-40.5417 161.1262 -2.6649 
-40.3615 163.0658 -2.6756 
-40.1828 165.0059 -2.6858 
-40.0056 166.946 -2.6955 
-39.8297 168.8861 -2.7048 
-39.6553 170.8257 -2.7136 
-39.4821 172.7647 -2.722 
-39.3101 174.7027 -2.7299 
-39.1394 176.6395 -2.7374 
-38.9697 178.5748 -2.7445 
-38.8011 180.5084 -2.7512 
-38.6335 182.4398 -2.7575 
-38.4668 184.3689 -2.7635 
-38.3009 186.2953 -2.7691 
-38.1357 188.2187 -2.7744 
-37.9712 190.1389 -2.7793 
-37.8072 192.0555 -2.784 
-37.6437 193.9682 -2.7884 
-37.4806 195.8766 -2.7926 
-37.3177 197.7806 -2.7966 
-37.1551 199.6796 -2.8004 
-36.9925 201.5735 -2.8041 
-36.8298 203.4619 -2.8077 
-36.667 205.3444 -2.8112 
-36.504 207.2207 -2.8146 
-36.3405 209.0905 -2.8181 
-36.1765 210.9534 -2.8217 
-36.0119 212.809 -2.8254 
-35.8465 214.6571 -2.8292 
-35.6802 216.4971 -2.8333 
-35.5129 218.3289 -2.8376 
-35.3444 220.152 -2.8423 
-35.1745 221.966 -2.8474 
-35.0032 223.7706 -2.853 
-34.8303 225.5653 -2.8592 
-34.6556 227.3499 -2.866 
-34.4789 229.1238 -2.8735 
-34.3002 230.8868 -2.8818 
-34.1192 232.6384 -2.8911 
-33.9358 234.3783 -2.9013 
-33.7497 236.1059 -2.9127 
-33.5609 237.821 -2.9253 
-33.3692 239.5231 -2.9393 
-33.1743 241.2118 -2.9548 
-32.9761 242.8866 -2.9719 
-32.7743 244.5472 -2.9907 
-32.5689 246.1931 -3.0115 
-32.3596 247.824 -3.0344 
-32.1461 249.4392 -3.0595 
-31.9284 251.0385 -3.0871 
-31.7061 252.6214 -3.1173 
-31.4792 254.1874 -3.1503 
-31.2473 255.7361 -3.1864 
-31.0102 257.267 -3.2258 
-30.7678 258.7797 -3.2687 
-30.5198 260.2737 -3.3154 
-30.2659 261.7485 -3.3662 
-30.006 263.2037 -3.4213 
-29.7398 264.6388 -3.481 
-29.4671 266.0533 -3.5458 
-29.1875 267.4468 -3.6158 
-28.901 268.8188 -3.6916 
-28.6072 270.1686 -3.7734 
-28.3058 271.496 -3.8617 
-27.9967 272.8004 -3.9569 
-27.6795 274.0812 -4.0595 
-27.354 275.338 -4.1699 
-27.0199 276.5702 -4.2886 
-26.677 277.7774 -4.4162 
-26.3249 278.9591 -4.5531 
-25.9635 280.1146 -4.6999 
-25.5923 281.2436 -4.8573 
-25.2112 282.3454 -5.0257 
-24.8197 283.4195 -5.2058 
-24.4177 284.4655 -5.3981 
-24.0049 285.4826 -5.6032 
-23.5809 286.4705 -5.8217 
-23.1454 287.4286 -6.054 
-22.6982 288.3562 -6.3006 
-22.2389 289.253 -6.5618 
-21.7672 290.1182 -6.8378 
-21.2828 290.9513 -7.1286 
-20.7854 291.7518 -7.4341 
-20.2747 292.5191 -7.7538 
-19.7504 293.2526 -8.0869 
-19.2122 293.9518 -8.4324 
-18.6597 294.616 -8.7886 
-18.0926 295.2447 -9.1535 
-17.5107 295.8372 -9.5246 
-16.9136 296.3931 -9.8988 
-16.3011 296.9116 -10.2725 
-15.6727 297.3922 -10.6416 
-15.0283 297.8343 -11.0017 
-14.3675 298.2372 -11.348 
-13.6901 298.6004 -11.6757 
-12.9957 298.9232 -11.9797 
-12.2839 299.2051 -12.2552 
-11.5546 299.4453 -12.4977 
-10.8074 299.6433 -12.7029 
-10.0419 299.7984 -12.8671 
-9.2578 299.91 -12.9871 
-8.4548 299.9774 -13.0604 
-7.6325 300 -13.0851 
