 ---------------------------------------------------------------
 Surface and Strip Forces by surface

  Forces referred to Sref, Cref, Bref about Xref, Yref, Zref
 Standard axis orientation,  X fwd, Z down         

  Surface # 1     Main                                    
     # Chordwise = 16   # Spanwise = 35     First strip =  1
     Surface area =    0.014009       Ave. chord =    0.045176
     CLsurf  =   0.15000     Clsurf  =  -0.01958
     CYsurf  =   0.00396     Cmsurf  =   0.02548
     CDsurf  =   0.00412     Cnsurf  =   0.00032
     CDisurf =   0.00140     CDvsurf =   0.00272

  Forces referred to Ssurf, Cave about hinge axis thru LE
     CLsurf  =   0.32668     CDsurf  =   0.00897
     Deflect =

 Strip Forces referred to Strip Area, Chord
    j      Yle    Chord     Area     c cl      ai      cl_norm  cl       cd       cdv    cm_c/4    cm_LE  C.P.x/c
     1   0.0001   0.0575   0.0000   0.0185   0.0195   0.3212   0.3212   0.0097   0.0059  -0.0805  -0.1608    0.501
     2   0.0013   0.0575   0.0001   0.0187   0.0195   0.3248   0.3248   0.0092   0.0059  -0.0815  -0.1628    0.501
     3   0.0037   0.0575   0.0002   0.0187   0.0195   0.3251   0.3251   0.0092   0.0059  -0.0816  -0.1629    0.501
     4   0.0072   0.0575   0.0002   0.0187   0.0195   0.3253   0.3253   0.0092   0.0059  -0.0816  -0.1629    0.501
     5   0.0118   0.0574   0.0003   0.0187   0.0196   0.3254   0.3254   0.0092   0.0059  -0.0816  -0.1630    0.501
     6   0.0175   0.0574   0.0004   0.0187   0.0196   0.3256   0.3255   0.0090   0.0059  -0.0816  -0.1630    0.501
     7   0.0242   0.0574   0.0004   0.0187   0.0196   0.3256   0.3256   0.0089   0.0059  -0.0816  -0.1630    0.501
     8   0.0319   0.0573   0.0005   0.0187   0.0197   0.3255   0.3255   0.0089   0.0059  -0.0816  -0.1630    0.501
     9   0.0405   0.0573   0.0005   0.0186   0.0198   0.3253   0.3253   0.0090   0.0059  -0.0816  -0.1629    0.501
    10   0.0500   0.0572   0.0006   0.0186   0.0199   0.3248   0.3248   0.0086   0.0059  -0.0816  -0.1628    0.501
    11   0.0603   0.0571   0.0006   0.0185   0.0201   0.3239   0.3239   0.0087   0.0059  -0.0815  -0.1625    0.502
    12   0.0731   0.0569   0.0009   0.0184   0.0202   0.3236   0.3235   0.0093   0.0059  -0.0816  -0.1624    0.502
    13   0.0885   0.0565   0.0009   0.0182   0.0204   0.3231   0.3230   0.0093   0.0059  -0.0816  -0.1623    0.503
    14   0.1046   0.0560   0.0009   0.0180   0.0208   0.3217   0.3216   0.0093   0.0059  -0.0816  -0.1619    0.504
    15   0.1184   0.0555   0.0006   0.0178   0.0211   0.3209   0.3204   0.0094   0.0059  -0.0815  -0.1614    0.504
    16   0.1297   0.0547   0.0006   0.0175   0.0213   0.3202   0.3196   0.0094   0.0059  -0.0815  -0.1611    0.505
    17   0.1411   0.0540   0.0006   0.0172   0.0216   0.3187   0.3181   0.0094   0.0059  -0.0814  -0.1607    0.506
    18   0.1531   0.0529   0.0007   0.0168   0.0218   0.3191   0.3174   0.0095   0.0059  -0.0813  -0.1598    0.506
    19   0.1657   0.0514   0.0006   0.0163   0.0219   0.3186   0.3170   0.0094   0.0059  -0.0812  -0.1596    0.506
    20   0.1820   0.0487   0.0010   0.0156   0.0212   0.3237   0.3195   0.0094   0.0059  -0.0814  -0.1592    0.505
    21   0.2005   0.0446   0.0008   0.0145   0.0197   0.3337   0.3260   0.0091   0.0059  -0.0817  -0.1595    0.501
    22   0.2134   0.0411   0.0003   0.0136   0.0182   0.3424   0.3321   0.0089   0.0059  -0.0818  -0.1599    0.496
    23   0.2217   0.0386   0.0003   0.0129   0.0177   0.3444   0.3340   0.0087   0.0059  -0.0812  -0.1597    0.493
    24   0.2343   0.0346   0.0006   0.0119   0.0154   0.3550   0.3436   0.0084   0.0060  -0.0818  -0.1623    0.488
    25   0.2473   0.0305   0.0003   0.0108   0.0129   0.3648   0.3532   0.0080   0.0060  -0.0822  -0.1650    0.483
    26   0.2560   0.0277   0.0002   0.0099   0.0120   0.3675   0.3559   0.0078   0.0060  -0.0818  -0.1653    0.480
    27   0.2648   0.0249   0.0002   0.0090   0.0111   0.3718   0.3588   0.0076   0.0060  -0.0817  -0.1656    0.478
    28   0.2735   0.0222   0.0002   0.0080   0.0101   0.3734   0.3604   0.0075   0.0060  -0.0817  -0.1659    0.477
    29   0.2819   0.0195   0.0002   0.0071   0.0100   0.3841   0.3609   0.0073   0.0060  -0.0813  -0.1628    0.475
    30   0.2898   0.0170   0.0001   0.0061   0.0102   0.3802   0.3573   0.0073   0.0060  -0.0807  -0.1613    0.476
    31   0.2968   0.0146   0.0001   0.0051   0.0128   0.4390   0.3500   0.0067   0.0060  -0.0778  -0.1421    0.472
    32   0.3028   0.0124   0.0001   0.0041   0.0229   0.4179   0.3332   0.0064   0.0059  -0.0732  -0.1345    0.470
    33   0.3067   0.0105   0.0000   0.0031   0.0353   0.6993   0.2937   0.0040   0.0058  -0.0593  -0.0791    0.452
    34   0.3088   0.0090   0.0000   0.0021   0.0680   0.5434   0.2282   0.0030   0.0058  -0.0411  -0.0585    0.430
    35   0.3099   0.0082   0.0000   0.0008   0.1057   0.2169   0.0911   0.0042   0.0060  -0.0160  -0.0231    0.425

  Surface # 2     Main (YDUP)                             
     # Chordwise = 16   # Spanwise = 35     First strip = 36
     Surface area =    0.014009       Ave. chord =    0.045176
     CLsurf  =   0.15000     Clsurf  =   0.01958
     CYsurf  =  -0.00396     Cmsurf  =   0.02548
     CDsurf  =   0.00412     Cnsurf  =  -0.00032
     CDisurf =   0.00140     CDvsurf =   0.00272

  Forces referred to Ssurf, Cave about hinge axis thru LE
     CLsurf  =   0.32668     CDsurf  =   0.00898
     Deflect =

 Strip Forces referred to Strip Area, Chord
    j      Yle    Chord     Area     c cl      ai      cl_norm  cl       cd       cdv    cm_c/4    cm_LE  C.P.x/c
    36  -0.0001   0.0575   0.0000   0.0185   0.0195   0.3212   0.3212   0.0097   0.0059  -0.0805   0.1608    0.501
    37  -0.0013   0.0575   0.0001   0.0187   0.0195   0.3248   0.3248   0.0092   0.0059  -0.0815   0.1628    0.501
    38  -0.0037   0.0575   0.0002   0.0187   0.0195   0.3251   0.3251   0.0092   0.0059  -0.0816   0.1629    0.501
    39  -0.0072   0.0575   0.0002   0.0187   0.0195   0.3253   0.3253   0.0092   0.0059  -0.0816   0.1629    0.501
    40  -0.0118   0.0574   0.0003   0.0187   0.0196   0.3254   0.3254   0.0092   0.0059  -0.0816   0.1630    0.501
    41  -0.0175   0.0574   0.0004   0.0187   0.0196   0.3256   0.3255   0.0090   0.0059  -0.0816   0.1630    0.501
    42  -0.0242   0.0574   0.0004   0.0187   0.0196   0.3256   0.3256   0.0089   0.0059  -0.0816   0.1630    0.501
    43  -0.0319   0.0573   0.0005   0.0187   0.0197   0.3255   0.3255   0.0090   0.0059  -0.0816   0.1630    0.501
    44  -0.0405   0.0573   0.0005   0.0186   0.0198   0.3253   0.3253   0.0090   0.0059  -0.0816   0.1629    0.501
    45  -0.0500   0.0572   0.0006   0.0186   0.0199   0.3248   0.3248   0.0086   0.0059  -0.0816   0.1628    0.501
    46  -0.0603   0.0571   0.0006   0.0185   0.0201   0.3239   0.3239   0.0087   0.0059  -0.0815   0.1625    0.502
    47  -0.0731   0.0569   0.0009   0.0184   0.0202   0.3236   0.3235   0.0093   0.0059  -0.0816   0.1624    0.502
    48  -0.0885   0.0565   0.0009   0.0182   0.0204   0.3231   0.3230   0.0093   0.0059  -0.0816   0.1623    0.503
    49  -0.1046   0.0560   0.0009   0.0180   0.0208   0.3217   0.3216   0.0093   0.0059  -0.0816   0.1619    0.504
    50  -0.1184   0.0555   0.0006   0.0178   0.0211   0.3209   0.3204   0.0094   0.0059  -0.0815   0.1614    0.504
    51  -0.1297   0.0547   0.0006   0.0175   0.0213   0.3202   0.3196   0.0094   0.0059  -0.0815   0.1611    0.505
    52  -0.1411   0.0540   0.0006   0.0172   0.0216   0.3187   0.3181   0.0094   0.0059  -0.0814   0.1607    0.506
    53  -0.1531   0.0529   0.0007   0.0168   0.0218   0.3191   0.3174   0.0095   0.0059  -0.0813   0.1598    0.506
    54  -0.1657   0.0514   0.0006   0.0163   0.0219   0.3186   0.3170   0.0094   0.0059  -0.0812   0.1596    0.506
    55  -0.1820   0.0487   0.0010   0.0156   0.0212   0.3237   0.3195   0.0094   0.0059  -0.0814   0.1592    0.505
    56  -0.2005   0.0446   0.0008   0.0145   0.0197   0.3337   0.3260   0.0091   0.0059  -0.0817   0.1595    0.501
    57  -0.2134   0.0411   0.0003   0.0136   0.0182   0.3424   0.3321   0.0089   0.0059  -0.0818   0.1599    0.496
    58  -0.2217   0.0386   0.0003   0.0129   0.0177   0.3444   0.3340   0.0087   0.0059  -0.0812   0.1597    0.493
    59  -0.2343   0.0346   0.0006   0.0119   0.0154   0.3550   0.3436   0.0084   0.0060  -0.0818   0.1623    0.488
    60  -0.2473   0.0305   0.0003   0.0108   0.0129   0.3648   0.3532   0.0080   0.0060  -0.0822   0.1650    0.483
    61  -0.2560   0.0277   0.0002   0.0099   0.0120   0.3675   0.3559   0.0078   0.0060  -0.0818   0.1653    0.480
    62  -0.2648   0.0249   0.0002   0.0090   0.0111   0.3718   0.3588   0.0076   0.0060  -0.0817   0.1656    0.478
    63  -0.2735   0.0222   0.0002   0.0080   0.0101   0.3734   0.3604   0.0075   0.0060  -0.0817   0.1659    0.477
    64  -0.2819   0.0195   0.0002   0.0071   0.0100   0.3841   0.3609   0.0073   0.0060  -0.0813   0.1628    0.475
    65  -0.2898   0.0170   0.0001   0.0061   0.0102   0.3802   0.3573   0.0073   0.0060  -0.0807   0.1613    0.476
    66  -0.2968   0.0146   0.0001   0.0051   0.0128   0.4390   0.3500   0.0067   0.0060  -0.0778   0.1421    0.472
    67  -0.3028   0.0124   0.0001   0.0041   0.0229   0.4179   0.3332   0.0064   0.0059  -0.0732   0.1345    0.470
    68  -0.3067   0.0105   0.0000   0.0031   0.0353   0.6993   0.2937   0.0040   0.0058  -0.0593   0.0791    0.452
    69  -0.3088   0.0090   0.0000   0.0021   0.0680   0.5434   0.2282   0.0030   0.0058  -0.0411   0.0585    0.430
    70  -0.3099   0.0082   0.0000   0.0008   0.1057   0.2169   0.0911   0.0042   0.0060  -0.0160   0.0231    0.425
 ---------------------------------------------------------------
