-66.9114 0 0 
-66.9068 4.1504 0 
-66.893 8.2519 0 
-66.8702 12.3054 0 
-66.8387 16.3121 0 
-66.7986 20.2732 0 
-66.7501 24.1897 0 
-66.6934 28.0626 0 
-66.6286 31.893 0 
-66.556 35.682 0 
-66.4756 39.4305 0 
-66.3877 43.1397 0 
-66.2924 46.8104 0 
-66.1899 50.4437 0 
-66.0804 54.0406 0 
-65.9639 57.6021 0 
-65.8406 61.129 0 
-65.7108 64.6223 0 
-65.5744 68.083 0 
-65.4317 71.5119 0 
-65.2829 74.91 0 
-65.1279 78.2782 0 
-64.9671 81.6173 0 
-64.8004 84.9281 0 
-64.6281 88.2117 0 
-64.4503 91.4686 0 
-64.267 94.6999 0 
-64.0784 97.9064 0 
-63.8847 101.0887 0 
-63.6859 104.2477 0 
-63.4822 107.3842 0 
-63.2736 110.499 0 
-63.0604 113.5927 0 
-62.8425 116.6662 0 
-62.6202 119.7201 0 
-62.3934 122.7551 0 
-62.1624 125.772 0 
-61.9272 128.7715 0 
-61.6879 131.7541 0 
-61.4446 134.7207 0 
-61.1974 137.6717 0 
-60.9465 140.6079 0 
-60.6918 143.5299 0 
-60.4335 146.4382 0 
-60.1718 149.3336 0 
-59.9066 152.2164 0 
-59.6381 155.0875 0 
-59.3663 157.9472 0 
-59.0913 160.7961 0 
-58.8133 163.6348 0 
-58.5323 166.4639 0 
-58.2484 169.2836 0 
-57.9616 172.0947 0 
-57.672 174.8976 0 
-57.3798 177.6927 0 
-57.0849 180.4805 0 
-56.7875 183.2614 0 
-56.4876 186.0359 0 
-56.1854 188.8044 0 
-55.8808 191.5673 0 
-55.5739 194.3249 0 
-55.2648 197.0777 0 
-54.9536 199.8261 0 
-54.6403 202.5704 0 
-54.325 205.3108 0 
-54.0078 208.0479 0 
-53.6886 210.7818 0 
-53.3677 213.5128 0 
-53.0449 216.2414 0 
-52.7205 218.9677 0 
-52.3943 221.692 0 
-52.0666 224.4146 0 
-51.7372 227.1356 0 
-51.4064 229.8555 0 
-51.0741 232.5742 0 
-50.7404 235.2921 0 
-50.4053 238.0094 0 
-50.0688 240.7261 0 
-49.7311 243.4425 0 
-49.3921 246.1588 0 
-49.0519 248.875 0 
-48.7106 251.5913 0 
-48.3681 254.3079 0 
-48.0245 257.0247 0 
-47.6799 259.7419 0 
-47.3342 262.4596 0 
-46.9876 265.1778 0 
-46.6399 267.8966 0 
-46.2913 270.616 0 
-45.9419 273.3361 0 
-45.5915 276.0568 0 
-45.2402 278.7781 0 
-44.8881 281.5001 0 
-44.5352 284.2227 0 
-44.1815 286.9458 0 
-43.827 289.6695 0 
-43.4717 292.3936 0 
-43.1157 295.1181 0 
-42.7589 297.8429 0 
-42.4013 300.5679 0 
-42.043 303.2929 0 
-41.684 306.0178 0 
-41.3243 308.7425 0 
-40.9638 311.4669 0 
-40.6027 314.1908 0 
-40.2408 316.9139 0 
-39.8781 319.6361 0 
-39.5147 322.3573 0 
-39.1506 325.0771 0 
-38.7856 327.7953 0 
-38.4199 330.5118 0 
-38.0534 333.2262 0 
-37.6861 335.9382 0 
-37.3179 338.6477 0 
-36.9489 341.3543 0 
-36.5789 344.0576 0 
-36.208 346.7575 0 
-35.8361 349.4535 0 
-35.4632 352.1453 0 
-35.0892 354.8325 0 
-34.7141 357.5148 0 
-34.3379 360.1918 0 
-33.9604 362.863 0 
-33.5816 365.5282 0 
-33.2015 368.1868 0 
-32.8199 370.8385 0 
-32.4369 373.4827 0 
-32.0522 376.119 0 
-31.6659 378.7471 0 
-31.2779 381.3662 0 
-30.888 383.9761 0 
-30.4961 386.576 0 
-30.1021 389.1657 0 
-29.706 391.7444 0 
-29.3075 394.3117 0 
-28.9066 396.8669 0 
-28.5031 399.4096 0 
-28.0968 401.9391 0 
-27.6877 404.4549 0 
-27.2755 406.9562 0 
-26.86 409.4426 0 
-26.4412 411.9133 0 
-26.0187 414.3677 0 
-25.5923 416.8052 0 
-25.162 419.225 0 
-24.7273 421.6265 0 
-24.2881 424.009 0 
-23.8442 426.3717 0 
-23.3952 428.714 0 
-22.9409 431.0351 0 
-22.4809 433.3342 0 
-22.015 435.6106 0 
-21.5429 437.8635 0 
-21.0642 440.0922 0 
-20.5784 442.2957 0 
-20.0854 444.4733 0 
-19.5846 446.6243 0 
-19.0757 448.7476 0 
-18.5583 450.8425 0 
-18.0318 452.9081 0 
-17.4959 454.9436 0 
-16.9501 456.948 0 
-16.3939 458.9204 0 
-15.8268 460.8599 0 
-15.2483 462.7657 0 
-14.6579 464.6366 0 
-14.0552 466.4719 0 
-13.4396 468.2705 0 
-12.8106 470.0314 0 
-12.1679 471.7537 0 
-11.5109 473.4363 0 
-10.8393 475.0782 0 
-10.1527 476.6784 0 
-9.451 478.2359 0 
-8.734 479.7495 0 
-8.0016 481.2183 0 
-7.254 482.6411 0 
-6.4915 484.0168 0 
-5.7146 485.3444 0 
-4.924 486.6227 0 
-4.1209 487.8506 0 
-3.3067 489.0269 0 
-2.483 490.1505 0 
-1.652 491.2202 0 
-0.81627 492.2348 0 
0.021135 493.1931 0 
0.85678 494.0939 0 
1.6868 494.9361 0 
2.5067 495.7183 0 
3.3121 496.4392 0 
4.0978 497.0978 0 
4.8586 497.6926 0 
5.5894 498.2224 0 
6.2848 498.6859 0 
6.9399 499.0818 0 
7.5496 499.4087 0 
8.1098 499.6653 0 
8.6164 499.8503 0 
9.0665 499.9624 0 
9.4575 500 0 
