27.89566153747	0	-5.746922395096
27.57312615152	0	-5.632074762996
26.99303789334	0	-5.432214997013
26.31230009728	0	-5.206066934904
25.57047056679	0	-4.967336519829
24.79513761968	0	-4.727463942824
24.0012886491	0	-4.490878563568
23.1986273885	0	-4.260189711349
22.39048746499	0	-4.036316687231
21.57830818831	0	-3.819343064038
20.76294385844	0	-3.609287413511
19.94467305147	0	-3.405982589999
19.12375577173	0	-3.209233590247
18.30034059314	0	-3.018873268607
17.47446465918	0	-2.834669478345
16.64636940243	0	-2.656427216205
15.81630554139	0	-2.484053623493
14.98405950105	0	-2.317316553475
14.14968699663	0	-2.155928144201
13.31337374551	0	-1.999684106547
12.4752126064	0	-1.848380151386
11.63524072276	0	-1.701765560246
10.79362524024	0	-1.559626758131
9.950394016465	0	-1.42171302657
9.105630624243	0	-1.287755075352
8.259409350533	0	-1.157622902305
7.411739481204	0	-1.031548654163
6.562723160821	0	-0.9088358907255
5.712443962205	0	-0.7888810304842
4.860939028836	0	-0.6712940669268
4.008329077015	0	-0.5557314228873
3.154790538258	0	-0.4418773788079
2.300509129954	0	-0.3294997879548
1.44580057166	0	-0.2183850753332
0.5913334459686	0	-0.1084960974655
-0.2620750906169	0	0
-1.113970030499	0	0.1067317822893
-1.964351373677	0	0.2113649581058
-2.813200548412	0	0.3135652361532
-3.660638271007	0	0.412979753396
-4.506710970807	0	0.5093113620152
-5.351530078245	0	0.6022814859303
-6.195309168317	0	0.6916022631915
-7.038150385584	0	0.7770601188039
-7.88015587461	0	0.8584414777723
-8.721548496259	0	0.9355699085792
-9.562448966832	0	1.008287551446
-10.40297800263	0	1.07647369007
-11.24331203517	0	1.140035465759
-12.08358106663	0	1.198907877427
-12.92389652744	0	1.253072353336
-13.76437913389	0	1.302510321746
-14.60509388708	0	1.347240354397
-15.44617078917	0	1.387299594766
-16.28763769777	0	1.422753043937
-17.12956889984	0	1.453674988867
-17.97198296712	0	1.480149002379
-18.81486132786	0	1.502258657297
-19.65830612664	0	1.520124669924
-20.50215021779	0	1.533839898951
-21.34641217307	0	1.543515774812
-22.19091556095	0	1.549226584461
-23.03539109122	0	1.55095375616
-23.87981090628	0	1.548613717084
-24.72416572025	0	1.542132180279
-25.56873410922	0	1.53142557292
-26.41411036882	0	1.516568181963
-27.26059164687	0	1.497820011749
-28.10796436838	0	1.475413209012
-28.95599638661	0	1.449533491138
-29.80449269831	0	1.420310860299
-30.65315615566	0	1.387819603449
-31.5017917554	0	1.352087578197
-32.35021378015	0	1.313114784542
-33.19815293969	0	1.270854793138
-34.04553494706	0	1.225224031161
-34.89221122837	0	1.176129639916
-35.73800535209	0	1.123432331365
-36.58288946062	0	1.066974245727
-37.42680783873	0	1.006634666702
-38.26964905599	0	0.9422371627713
-39.11144097002	0	0.8736145882874
-39.95218358082	0	0.8006183693405
-40.79183045903	0	0.7230999320209
-41.63042803401	0	0.6409014165498
-42.46800416335	0	0.5539206783644
-43.30452170359	0	0.462037001163
-44.14002708408	0	0.3651389545136
-44.97450173306	0	0.2631615373306
-45.80790850707	0	0.1560676061368
-46.64020097676	0	0.0438014457159
-47.47125842582	0	-0.06726683755903
-48.30096942383	0	-0.1966654269275
-49.12915753926	0	-0.3244297032907
-49.95557205365	0	-0.4582297947302
-50.77995296266	0	-0.5978242686431
-51.60201240432	0	-0.7433802706776
-52.42128608518	0	-0.8950463747433
-53.23716113786	0	-1.053026869966
-54.04892255042	0	-1.217618904164
-54.85583673918	0	-1.389193912113
-55.6569472596	0	-1.568123328585
-56.45061979867	0	-1.754815731832
-57.23582362489	0	-1.950134707704
-58.01132371764	0	-2.154637408362
-58.77419502808	0	-2.368648839232
-59.52072320847	0	-2.592466148134
-60.24558745566	0	-2.825959332897
-60.94082977964	0	-3.068051232676
-61.59519570675	0	-3.316002516014
-62.19442214166	0	-3.56484524281
-62.72439456297	0	-3.807605725182
-63.17629139481	0	-4.037003841562
-63.55056764476	0	-4.248498801839
-63.85552488003	0	-4.440855585389
-64.10285401012	0	-4.614603486765
-64.30408808477	0	-4.774097578691
-64.46852225919	0	-4.921325037208
-64.603148793	0	-5.058700188347
-64.71310277195	0	-5.188330924449
-64.80201497096	0	-5.311721556349
-64.87249471932	0	-5.430088532932
-64.92635276154	0	-5.543153278117
-64.96481483238	0	-5.653877984226
-64.98912523833	0	-5.758214012223
-65.00032399676	0	-5.855502065385
-64.99677679467	0	-5.94619715131
-64.97257781915	0	-6.035787218782
-64.9263341898	0	-6.124411555842
-64.86059952068	0	-6.208755107133
-64.77601453679	0	-6.290452185659
-64.67253280877	0	-6.370292090316
-64.54912360513	0	-6.449927705847
-64.40258330095	0	-6.530510480051
-64.2277953822	0	-6.613377578116
-64.01763758711	0	-6.700878324985
-63.7623783246	0	-6.794916323875
-63.44801450368	0	-6.896893741058
-63.0580544204	0	-7.008807038443
-62.57957214462	0	-7.130321924735
-62.00874189817	0	-7.258513351088
-61.35642814819	0	-7.389416251291
-60.64333838333	0	-7.517728393946
-59.88965079767	0	-7.64034829869
-59.11012063762	0	-7.755929514468
-58.31385734101	0	-7.864286323893
-57.50626528379	0	-7.965734446524
-56.69061309197	0	-8.060756747565
-55.86917580355	0	-8.149808234615
-55.04316058154	0	-8.233176769624
-54.21272528573	0	-8.311400933014
-53.37879850303	0	-8.384991447599
-52.54207667367	0	-8.454254747068
-51.70285694545	0	-8.519506550978
-50.86152932488	0	-8.581053293019
-50.01842810327	0	-8.639192121008
-49.17417543387	0	-8.694127324073
-48.32922632426	0	-8.745970332645
-47.48372006249	0	-8.79903907597
-46.6377030779	0	-8.840593341304
-45.7912960868	0	-8.883039050095
-44.9444990892	0	-8.922336849177
-44.09742351551	0	-8.958458880941
-43.25011579508	0	-8.991405145389
-42.40255735619	0	-9.021184928389
-41.55486891512	0	-9.047788944072
-40.70706904362	0	-9.071198620699
-39.85923202864	0	-9.091404672401
-39.01134858432	0	-9.108351383962
-38.16350228347	0	-9.122020183642
-37.31575812719	0	-9.132355356227
-36.46806040025	0	-9.139310472369
-35.62052981897	0	-9.142848388591
-34.7731756692	0	-9.142885532068
-33.92596080747	0	-9.139394045193
-33.07900595008	0	-9.13231821275
-32.23231109703	0	-9.121574461914
-31.38583910485	0	-9.107144220946
-30.53969211809	0	-9.088962488762
-29.69390728024	0	-9.066973550146
-28.84846601956	0	-9.041140261619
-28.00343333712	0	-9.011416193835
-27.15892066337	0	-8.977754917447
-26.31492799831	0	-8.94010071724
-25.47159462997	0	-8.898425735605
-24.62914341921	0	-8.852674257326
-23.78779722691	0	-8.802706994363
-22.94770462697	0	-8.748328943459
-22.1090141933	0	-8.68932652962
-21.27151235091	0	-8.625393319157
-20.43442837264	0	-8.556334308814
-19.59698224546	0	-8.482223785545
-18.75904396721	0	-8.403266038476
-17.92052067919	0	-8.319656070864
-17.08135666618	0	-8.231607457704
-16.2415797858	0	-8.13933377399
-15.40115289457	0	-8.043048594717
-14.56007599248	0	-7.942974780751
-13.71836765127	0	-7.839335192955
-12.87600929921	0	-7.732324834585
-12.03299165042	0	-7.622166566506
-11.18927756144	0	-7.509055391974
-10.34482988877	0	-7.393223457724
-9.499620774821	0	-7.274884338749
-8.653622361976	0	-7.154233038307
-7.806778935019	0	-7.03150170313
-6.95897906352	0	-6.906876050607
-6.110120602915	0	-6.780606799209
-5.26027784016	0	-6.65292609567
-4.408977195916	0	-6.523963942161
-3.556357958225	0	-6.394249633235
-2.702633702082	0	-6.263913171062
-1.847850856833	0	-6.133344562156
-0.9932630148402	0	-6.003156673892
-0.1401609119431	0	-5.87396237365
0.7108054410038	0	-5.746309527719
1.559208894011	0	-5.620773859999
2.404640868826	0	-5.498023953084
3.246729930676	0	-5.378830534129
4.085030357832	0	-5.264057188984
4.919031427479	0	-5.154734649147
5.748677424403	0	-5.051912217853
6.574228352943	0	-4.956546339646
7.395944217443	0	-4.869519172114
8.214354312455	0	-4.791629300021
9.029969360793	0	-4.72338744618
9.843355800487	0	-4.665174331236
10.65518221413	0	-4.617927827992
11.46598718215	0	-4.58204722883
12.27637428604	0	-4.557727537007
13.08684496276	0	-4.545033753607
13.89782636229	0	-4.543947306894
14.70970849115	0	-4.554375338172
15.52276992542	0	-4.576141415924
16.3371313814	0	-4.609059822764
17.15311786451	0	-4.652916983696
17.97103580844	0	-4.707360035685
18.79094092842	0	-4.771998972218
19.61273107988	0	-4.846462358522
20.43633197585	0	-4.930360188084
21.26155789897	0	-5.02332102613
22.08827884705	0	-5.124964152016
22.91578909402	0	-5.234815986407
23.74267718775	0	-5.352356520617
24.56642665763	0	-5.476675739452
25.3757923159	0	-5.605591463615
26.15559176616	0	-5.736986514893
26.87494020697	0	-5.861816456542
27.48424181012	0	-5.970721132259
27.81955455229	0	-6.032695024289
