26.43651924154	67.1165712432	-5.41650379057
26.13087134501	67.1165712432	-5.308485205303
25.58116092815	67.1165712432	-5.120517380402
24.93608512947	67.1165712432	-4.907832692841
24.23310200678	67.1165712432	-4.683321923609
23.49838028543	67.1165712432	-4.457737655891
22.74610422411	67.1165712432	-4.23524189611
21.9854865516	67.1165712432	-4.018272013777
21.21966857086	67.1165712432	-3.807707925682
20.45002295208	67.1165712432	-3.60362002517
19.67736801787	67.1165712432	-3.406017111407
18.90195014494	67.1165712432	-3.214740799372
18.12403330832	67.1165712432	-3.029623904874
17.34374949554	67.1165712432	-2.850481645388
16.56111630492	67.1165712432	-2.677102840882
15.77639771151	67.1165712432	-2.509293909664
14.98980489533	67.1165712432	-2.34698445839
14.20115307386	67.1165712432	-2.189928110358
13.41047744377	67.1165712432	-2.0378696897
12.61797158676	67.1165712432	-1.890606815552
11.82371469533	67.1165712432	-1.747945906222
11.027733167	67.1165712432	-1.609658183343
10.23020298511	67.1165712432	-1.475532466885
9.431132948832	67.1165712432	-1.345331179316
8.630611049853	67.1165712432	-1.218816743101
7.828716480679	67.1165712432	-1.095857170722
7.025440442144	67.1165712432	-0.9766812405444
6.22089732343	67.1165712432	-0.8606290149749
5.415148718712	67.1165712432	-0.7471461464352
4.608247422998	67.1165712432	-0.6358542707051
3.800299026302	67.1165712432	-0.5264454169079
2.991461913647	67.1165712432	-0.4186380116704
2.181929666728	67.1165712432	-0.312194477459
1.371992658084	67.1165712432	-0.2069300317475
0.5622756286388	67.1165712432	-0.1028094778645
-0.2464294964971	67.1165712432	0
-1.053709156432	67.1165712432	0.1011552342973
-1.859545752829	67.1165712432	0.2003394549827
-2.663930486521	67.1165712432	0.2972094945077
-3.46697774669	67.1165712432	0.3914661811633
-4.268740328345	67.1165712432	0.4828103432405
-5.069306223164	67.1165712432	0.5709780057022
-5.868895410344	67.1165712432	0.655696394343
-6.667578283231	67.1165712432	0.7367807266368
-7.46548682934	67.1165712432	0.8140022242179
-8.2628058312	67.1165712432	0.8872025020641
-9.059658477161	67.1165712432	0.9562407734886
-9.856159156405	67.1165712432	1.020985050973
-10.65248385229	67.1165712432	1.081364941174
-11.44872935567	67.1165712432	1.137318849916
-12.24503645322	67.1165712432	1.188802781359
-13.04149313662	67.1165712432	1.23583433384
-13.83816979922	67.1165712432	1.278395909022
-14.63518962937	67.1165712432	1.316549101081
-15.43257902458	67.1165712432	1.350337905857
-16.23040837818	67.1165712432	1.379823917525
-17.02869528851	67.1165712432	1.405112726099
-17.82742215723	67.1165712432	1.426257126588
-18.6266857752	67.1165712432	1.443380307341
-19.42632775739	67.1165712432	1.456579059207
-20.22636570213	67.1165712432	1.465932574695
-21.02663242524	67.1165712432	1.471528845486
-21.82687275085	67.1165712432	1.473341474076
-22.62706028145	67.1165712432	1.471300067121
-23.42718621787	67.1165712432	1.465334231277
-24.22751453516	67.1165712432	1.455364774035
-25.02860838005	67.1165712432	1.441462088737
-25.83074052676	67.1165712432	1.423872552084
-26.63372619275	67.1165712432	1.402816143274
-27.43734539883	67.1165712432	1.378460046499
-28.24138696498	67.1165712432	1.350936249275
-29.04559571531	67.1165712432	1.320315144947
-29.84977806814	67.1165712432	1.286623131018
-30.65375804011	67.1165712432	1.249860207489
-31.45728045535	67.1165712432	1.209982378519
-32.26027492051	67.1165712432	1.16690165243
-33.06259184974	67.1165712432	1.120530037543
-33.86408165719	67.1165712432	1.070761943842
-34.66470914619	67.1165712432	1.017430187137
-35.46442152172	67.1165712432	0.9604203782461
-36.2631043946	67.1165712432	0.8995653329781
-37.06080176068	67.1165712432	0.8347154654789
-37.85750482079	67.1165712432	0.7657211898939
-38.65316957908	67.1165712432	0.6924505187045
-39.44783123223	67.1165712432	0.614762665224
-40.24153377608	67.1165712432	0.5325432402698
-41.03423321479	67.1165712432	0.4456778546589
-41.82596474503	67.1165712432	0.3540785167122
-42.61672836679	67.1165712432	0.2576748330865
-43.40647128508	67.1165712432	0.1564316071101
-44.19516710239	67.1165712432	0.05029604377552
-44.98269263037	67.1165712432	-0.05469562773069
-45.76893347983	67.1165712432	-0.1770304591882
-46.55374006492	67.1165712432	-0.2978166370935
-47.33685720977	67.1165712432	-0.4243134749726
-48.11805613602	67.1165712432	-0.5562833952919
-48.89704647112	67.1165712432	-0.6938935822418
-49.67340585502	67.1165712432	-0.8372760233408
-50.44653594429	67.1165712432	-0.986633099451
-51.21577680135	67.1165712432	-1.142246383945
-51.98041569359	67.1165712432	-1.304450245205
-52.73955510589	67.1165712432	-1.473623047449
-53.49165518386	67.1165712432	-1.650125556562
-54.23572162152	67.1165712432	-1.834793693497
-54.97059292872	67.1165712432	-2.028155408327
-55.69349736757	67.1165712432	-2.230501073593
-56.40092407005	67.1165712432	-2.442121061837
-57.08780471547	67.1165712432	-2.662883385539
-57.74663361359	67.1165712432	-2.891784939559
-58.36671097623	67.1165712432	-3.126229969362
-58.93454767899	67.1165712432	-3.361519719285
-59.43676018747	67.1165712432	-3.591063612562
-59.864980493	67.1165712432	-3.80797190072
-60.21964855396	67.1165712432	-4.007959388986
-60.50863082647	67.1165712432	-4.189864587197
-60.74300546293	67.1165712432	-4.354171449586
-60.93369223072	67.1165712432	-4.505006785905
-61.08950789607	67.1165712432	-4.644236019751
-61.21708703161	67.1165712432	-4.774164533115
-61.32127797883	67.1165712432	-4.896772138778
-61.40553001157	67.1165712432	-5.013475502773
-61.47232449518	67.1165712432	-5.125436115264
-61.52335966906	67.1165712432	-5.232398800382
-61.55979702338	67.1165712432	-5.337117697683
-61.58284204413	67.1165712432	-5.435844361637
-61.59345384063	67.1165712432	-5.527945252155
-61.59009255849	67.1165712432	-5.613886725135
-61.56716192692	67.1165712432	-5.699009875499
-61.52334207072	67.1165712432	-5.783191514898
-61.46105276109	67.1165712432	-5.863351934561
-61.38090993976	67.1165712432	-5.94100459137
-61.28285201257	67.1165712432	-6.016915012932
-61.16591107104	67.1165712432	-6.092640651969
-61.02705140225	67.1165712432	-6.169290203636
-60.86143346384	67.1165712432	-6.248113149777
-60.66229949486	67.1165712432	-6.331362077376
-60.42042796734	67.1165712432	-6.420840815857
-60.1225409369	67.1165712432	-6.517895637908
-59.75302867967	67.1165712432	-6.62441836463
-59.29964275393	67.1165712432	-6.740109824315
-58.75874910331	67.1165712432	-6.862189479904
-58.14063395511	67.1165712432	-6.986864890025
-57.46493705211	67.1165712432	-7.109094131468
-56.750770187	67.1165712432	-7.225920683813
-56.01212403677	67.1165712432	-7.336068667715
-55.25761298679	67.1165712432	-7.439344501479
-54.49236695196	67.1165712432	-7.536056155981
-53.71949203856	67.1165712432	-7.626661187954
-52.94113524355	67.1165712432	-7.711581957457
-52.15843165959	67.1165712432	-7.791108837031
-51.3715396717	67.1165712432	-7.865743379246
-50.58134799585	67.1165712432	-7.935969538339
-49.78849897129	67.1165712432	-8.002086486017
-48.99329176972	67.1165712432	-8.064384594822
-48.19607835788	67.1165712432	-8.123163036463
-47.39719310413	67.1165712432	-8.178703384313
-46.59721675356	67.1165712432	-8.231190420899
-45.79657166623	67.1165712432	-8.280738535402
-44.99539862883	67.1165712432	-8.331439340901
-44.19375043636	67.1165712432	-8.371202780688
-43.39173267883	67.1165712432	-8.411810940594
-42.58934535626	67.1165712432	-8.449427383411
-41.78669405864	67.1165712432	-8.484025711634
-40.98381398266	67.1165712432	-8.515597126097
-40.18070512832	67.1165712432	-8.544168024302
-39.37747308562	67.1165712432	-8.569720807913
-38.57412665374	67.1165712432	-8.592237878596
-37.77075382436	67.1165712432	-8.611710437181
-36.96733699914	67.1165712432	-8.628085688662
-36.16394657142	67.1165712432	-8.641354833871
-35.36067053289	67.1165712432	-8.6514650778
-34.55742089185	67.1165712432	-8.658354826274
-33.75433843501	67.1165712432	-8.662015280125
-32.95141436319	67.1165712432	-8.662358447673
-32.14863987723	67.1165712432	-8.659357931416
-31.34609416963	67.1165712432	-8.652952137177
-30.5438036379	67.1165712432	-8.643079470782
-29.7417242862	67.1165712432	-8.629713534726
-28.93995290538	67.1165712432	-8.612792734834
-28.13852469211	67.1165712432	-8.592273075267
-27.33741324888	67.1165712432	-8.568110560186
-26.53670656737	67.1165712432	-8.540261193749
-25.73647504093	67.1165712432	-8.508689779287
-24.93674506707	67.1165712432	-8.473334722623
-24.13763983412	67.1165712432	-8.434169626254
-23.33937052213	67.1165712432	-8.391132896005
-22.54214831111	67.1165712432	-8.344110142692
-21.74611398777	67.1165712432	-8.292907784622
-20.95139953961	67.1165712432	-8.237323440932
-20.15782898328	67.1165712432	-8.17707553825
-19.36464559034	67.1165712432	-8.111979294049
-18.57111902985	67.1165712432	-8.042096302505
-17.77711731429	67.1165712432	-7.967620145312
-16.98257005032	67.1165712432	-7.888744404164
-16.18742444293	67.1165712432	-7.805662660754
-15.39168049213	67.1165712432	-7.718577295946
-14.59532939874	67.1165712432	-7.6276906906
-13.79837116277	67.1165712432	-7.533205225578
-13.0008057842	67.1165712432	-7.435323281744
-12.20262446389	67.1165712432	-7.334256039126
-11.40381840265	67.1165712432	-7.230197079418
-10.60436120299	67.1165712432	-7.123348783483
-9.804200069895	67.1165712432	-7.013895933846
-9.003317405031	67.1165712432	-6.902049710537
-8.201686810895	67.1165712432	-6.788021293587
-7.399255492479	67.1165712432	-6.672004264689
-6.595926658937	67.1165712432	-6.554174607202
-5.791585921084	67.1165712432	-6.434787496994
-4.986312471433	67.1165712432	-6.314045314929
-4.179657552421	67.1165712432	-6.192080048523
-3.371753151564	67.1165712432	-6.069384451182
-2.562810448895	67.1165712432	-5.94609930959
-1.752855841916	67.1165712432	-5.822585389632
-0.9430948166306	67.1165712432	-5.699414637223
-0.1347240598753	67.1165712432	-5.577176596613
0.6716052899249	67.1165712432	-5.456390418708
1.47551486855	67.1165712432	-5.33759285275
2.276599914275	67.1165712432	-5.22141743883
3.074526058721	67.1165712432	-5.108585708715
3.868862142659	67.1165712432	-4.999933583359
4.659115412687	67.1165712432	-4.896402573725
5.445250672133	67.1165712432	-4.799004584126
6.227496699363	67.1165712432	-4.708628330519
7.006117469413	67.1165712432	-4.626100934688
7.781605735687	67.1165712432	-4.552187924241
8.554436653253	67.1165712432	-4.487346855909
9.325164569688	67.1165712432	-4.431964893082
10.09440542675	67.1165712432	-4.386895555045
10.8626871745	67.1165712432	-4.352534804355
11.6305729597	67.1165712432	-4.32905862437
12.39852913824	67.1165712432	-4.316519810098
13.16697807019	67.1165712432	-4.314918361538
13.93628052142	67.1165712432	-4.324148688676
14.70669166781	67.1165712432	-4.344043607322
15.47833469771	67.1165712432	-4.374435933284
16.25152638116	67.1165712432	-4.415105687365
17.02654829154	67.1165712432	-4.465736099522
17.80344442468	67.1165712432	-4.5259576047
18.58213558807	67.1165712432	-4.595409437016
19.36253379004	67.1165712432	-4.673722031418
20.14447184639	67.1165712432	-4.760552220358
20.92782656878	67.1165712432	-4.85553923795
21.71194681877	67.1165712432	-4.958216728296
22.49545992618	67.1165712432	-5.068127134664
23.27599891484	67.1165712432	-5.184381741095
24.0429079924	67.1165712432	-5.304947939803
24.78180051933	67.1165712432	-5.427845918006
25.46342806151	67.1165712432	-5.544593277841
26.04076786561	67.1165712432	-5.646443646403
26.35848822052	67.1165712432	-5.704394966261
